1650994618334 0.6901692186956441 1
1650994618337 0.6879682147895897 2
1650994618339 0.6822480271150778 3
1650994618341 0.6767436979891179 4
1650994618343 0.6721831263203324 5
1650994618345 0.6786588353988452 6
1650994618347 0.6659737829760317 7
1650994618363 0.6633706488015451 8
1650994618367 0.6534746271786672 9
1650994618369 0.6493722912156101 10
1650994618371 0.6415920600349649 11
1650994618374 0.644491868578034 12
1650994618376 0.6280060943229732 13
1650994618379 0.6147095589410692 14
1650994618380 0.6070487820185148 15
1650994618382 0.5925599319157583 16
1650994618384 0.5792910155359206 17
1650994618386 0.5765374519012787 18
1650994618388 0.5656105065957094 19
1650994618390 0.5523712576090635 20
1650994618392 0.5367906580477844 21
1650994618394 0.5340798508116614 22
1650994618396 0.5146601013429872 23
1650994618399 0.513460730895018 24
1650994618401 0.4849225552309127 25
1650994618403 0.47173437814572794 26
1650994618405 0.4626829938574152 27
1650994618408 0.4536512456970774 28
1650994618410 0.4538521931503282 29
1650994618412 0.43939439412001724 30
1650994618414 0.4256851606534951 31
1650994618425 0.418372453896554 32
1650994618427 0.4170896801756415 33
1650994618430 0.41931035044865733 34
1650994618433 0.403716001755152 35
1650994618438 0.3920640838451875 36
1650994618441 0.38482127947248385 37
1650994618445 0.38384999405770076 38
1650994618447 0.3777285112347795 39
1650994618450 0.3817307619384794 40
1650994618479 0.3820657850185157 41
1650994618484 0.35574568267706985 42
1650994618501 0.35042399702928007 43
1650994618503 0.3511591944502387 44
1650994618506 0.3428540391363067 45
1650994618508 0.34507950321658626 46
1650994618511 0.3357553825928615 47
1650994618513 0.32576129200694326 48
1650994618518 0.3313671609202584 49
1650994618523 0.33645560431393073 50
1650994618526 0.3287001494522933 51
1650994618528 0.31597954504219167 52
1650994618530 0.3109870289926564 53
1650994618532 0.3018087714146345 54
1650994618535 0.2975232443966708 55
1650994618538 0.3059654019691132 56
1650994618540 0.2951521818891113 57
1650994618542 0.29533238059435135 58
1650994618545 0.30160603320205603 59
1650994618547 0.29095122349131236 60
1650994618550 0.2886848589439532 61
1650994618552 0.29540773855024205 62
1650994618554 0.2790537706879906 63
1650994618556 0.28107062779066766 64
1650994618558 0.27727357251740203 65
1650994618561 0.27132858636178375 66
1650994618563 0.2788396857597016 67
1650994618566 0.2829388833089626 68
1650994618598 0.2950705758162907 69
1650994618617 0.2680325972073244 70
1650994618619 0.27787868705861296 71
1650994618621 0.2609491783839006 72
1650994618626 0.26494926607215796 73
1650994618628 0.26325884499610996 74
1650994618630 0.2594513803611308 75
1650994618633 0.2631047453199114 76
1650994618635 0.2539903104523599 77
1650994618638 0.2561261169748865 78
1650994618641 0.2513029110300672 79
1650994618643 0.25610214362651 80
1650994618646 0.27125282951327034 81
1650994618649 0.2618128948814266 82
1650994618652 0.2723067995611128 83
1650994618656 0.2968959906599024 84
1650994618658 0.25784495330992196 85
1650994618660 0.2462216080763401 86
1650994618662 0.2480481446007669 87
1650994618665 0.24123577156783024 88
1650994618672 0.2406328178587414 89
1650994618674 0.2581847579706283 90
1650994618678 0.24985712722980932 91
1650994618680 0.2401765438117387 92
1650994618690 0.23541710861436613 93
1650994618693 0.23850682012109092 94
1650994618695 0.24604139114037538 95
1650994618697 0.2563055934923472 96
1650994618705 0.2435987398519621 97
1650994618710 0.24906959976905432 98
1650994618712 0.24548148797763572 99
1650994618714 0.23613718654209878 100
1650994618716 0.23042531939216584 101
1650994618726 0.23530708395299457 102
1650994618728 0.23512063003503358 103
1650994618730 0.23686307832434939 104
1650994618732 0.2338122362509752 105
1650994618733 0.23277595928518763 106
1650994618735 0.23217361242998213 107
1650994618747 0.2282342946791387 108
1650994618749 0.2317404452806864 109
1650994618752 0.22772212626733185 110
