1650991718553 0.7031346559524536 1
1650991718555 0.6797656416893005 2
1650991718557 0.6827930808067322 3
1650991718559 0.6857375502586365 4
1650991718573 0.6837772727012634 5
1650991718576 0.6802889704704285 6
1650991718581 0.6778810620307922 7
1650991718586 0.6776542663574219 8
1650991718602 0.678521454334259 9
1650991718605 0.6791929006576538 10
1650991718608 0.6789209842681885 11
1650991718611 0.6778059601783752 12
1650991718616 0.6764757633209229 13
1650991718618 0.6755421757698059 14
1650991718621 0.6752260327339172 15
1650991718624 0.6752820014953613 16
1650991718627 0.6753184199333191 17
1650991718630 0.6750203967094421 18
1650991718634 0.6744067668914795 19
1650991718644 0.6736966967582703 20
1650991718651 0.6731263399124146 21
1650991718655 0.6727764010429382 22
1650991718659 0.6725954413414001 23
1650991718663 0.6723955869674683 24
1650991718668 0.6720173358917236 25
1650991718672 0.6714543700218201 26
1650991718674 0.6708447933197021 27
1650991718678 0.6703221797943115 28
1650991718681 0.6699270606040955 29
1650991718684 0.6695711612701416 30
1650991718687 0.6691296696662903 31
1650991718689 0.6685654520988464 32
1650991718694 0.6679803133010864 33
1650991718696 0.667404055595398 34
1650991718698 0.6668900847434998 35
1650991718704 0.666344404220581 36
1650991718706 0.6657423377037048 37
1650991718709 0.6650872826576233 38
1650991718712 0.6644128561019897 39
1650991718715 0.6637479662895203 40
1650991718717 0.6630427241325378 41
1650991718723 0.6622743010520935 42
1650991718764 0.6614752411842346 43
1650991718772 0.6606637239456177 44
1650991718776 0.6598068475723267 45
1650991718778 0.6588988900184631 46
1650991718783 0.6579355001449585 47
1650991718787 0.6569291353225708 48
1650991718789 0.655872106552124 49
1650991718792 0.6547576785087585 50
1650991718812 0.6535842418670654 51
1650991718814 0.6523566842079163 52
1650991718817 0.6510720252990723 53
1650991718821 0.649687647819519 54
1650991718824 0.6482535600662231 55
1650991718828 0.6467273831367493 56
1650991718831 0.6451191306114197 57
1650991718834 0.6434224247932434 58
1650991718837 0.6416257619857788 59
1650991718839 0.6397255063056946 60
1650991718842 0.6377114057540894 61
1650991718845 0.6355692148208618 62
1650991718847 0.6332845091819763 63
1650991718850 0.6308600306510925 64
1650991718853 0.6282646656036377 65
1650991718855 0.625482439994812 66
1650991718858 0.6225176453590393 67
1650991718862 0.6193400025367737 68
1650991718865 0.6159318089485168 69
1650991718868 0.6122735142707825 70
1650991718870 0.6083096861839294 71
1650991718873 0.6041885018348694 72
1650991718876 0.6019460558891296 73
1650991718878 0.6082696318626404 74
1650991718879 0.593587338924408 75
1650991718882 0.5938671231269836 76
1650991718885 0.5887630581855774 77
1650991718887 0.5831902027130127 78
1650991718892 0.5780516266822815 79
1650991718896 0.5743233561515808 80
