1651005513070 0.6930981084103987 1
1651005513073 0.6889424802182795 2
1651005513076 0.6864810321793888 3
1651005513083 0.6867621091259268 4
1651005513087 0.6816183970524714 5
1651005513090 0.6831583452748728 6
1651005513098 0.677491851123698 7
1651005513106 0.6746689044075571 8
1651005513110 0.6722153030035697 9
1651005513115 0.6704898952564478 10
1651005513123 0.6697684345227894 11
1651005513136 0.6604360697906969 12
1651005513139 0.6551248472688835 13
1651005513142 0.6483292352585566 14
1651005513153 0.6430311440984845 15
1651005513171 0.6419961862948351 16
1651005513175 0.6362483761249444 17
1651005513179 0.6219375738294133 18
1651005513185 0.6173199637905582 19
1651005513352 0.6108882066967724 20
1651005513359 0.6005974986177661 21
1651005513374 0.5915130232716654 22
1651005513392 0.5825572531301897 23
1651005513401 0.584849150407882 24
1651005513409 0.56034763108243 25
1651005513414 0.5622624165409214 26
1651005513418 0.5432275300060873 27
1651005513421 0.5375723661957207 28
1651005513423 0.5279815116208115 29
1651005513426 0.5174565527028653 30
1651005513429 0.5094262698849479 31
1651005513437 0.4983010451435606 32
1651005513452 0.49790849681302307 33
1651005513468 0.4824802508720985 34
1651005513472 0.4736971822413769 35
1651005513478 0.46433938990582474 36
1651005513483 0.45948796853041035 37
1651005513487 0.44688060071878816 38
1651005513491 0.44486855117829294 39
1651005513493 0.43431453237603435 40
1651005513498 0.43117253946297335 41
1651005513500 0.4341912538140685 42
1651005513502 0.42021476676612546 43
1651005513505 0.4161628233644115 44
1651005513507 0.4080855566940028 45
1651005513511 0.40574716178925485 46
1651005513515 0.3936678856720418 47
1651005513518 0.38623775165159624 48
1651005513521 0.3954175224889329 49
1651005513523 0.38520006142256463 50
1651005513528 0.3769127619572175 51
1651005513530 0.37459344414127616 52
1651005513534 0.3664545258541247 53
1651005513537 0.36253919902738635 54
1651005513540 0.36287941808228963 55
1651005513542 0.35025937718786165 56
1651005513551 0.3468065630821955 57
1651005513555 0.34953386050004226 58
1651005513558 0.34365648380565994 59
1651005513562 0.34238020076856507 60
1651005513565 0.33262949810796605 61
1651005513568 0.3262893441832546 62
1651005513570 0.3284096575918652 63
1651005513572 0.33668148255610203 64
1651005513575 0.3173904032497616 65
1651005513578 0.31472708530478427 66
1651005513584 0.31613842122284047 67
1651005513586 0.3183592443282788 68
1651005513590 0.3212557111904298 69
1651005513592 0.3215225862932729 70
1651005513596 0.31167005182622554 71
1651005513599 0.31285475680242963 72
1651005513604 0.3009989931906536 73
1651005513606 0.2975699117768815 74
1651005513609 0.3050448930525518 75
1651005513612 0.29770919374930555 76
1651005513615 0.29116609681656946 77
1651005513618 0.2937050079688048 78
1651005513620 0.2847569954919291 79
1651005513622 0.2846769296424293 80
1651005513625 0.2830906754884964 81
1651005513634 0.28190243746334814 82
1651005513652 0.28442911481682637 83
1651005513704 0.29766599380926334 84
1651005513709 0.280194056667251 85
1651005513715 0.27461381141956037 86
1651005513727 0.2714821938629989 87
1651005513729 0.270770258519239 88
1651005513756 0.2700026273290753 89
1651005513758 0.2677234830982956 90
1651005513762 0.27082672507771643 91
1651005513766 0.2796705483080267 92
1651005513769 0.27042439034133603 93
1651005513772 0.276041465200784 94
1651005513775 0.29335608772742444 95
1651005513780 0.2806689968475929 96
1651005513784 0.26824010406439996 97
1651005513786 0.26187952283101207 98
1651005513790 0.2627439660467071 99
1651005513793 0.25530157563013905 100
1651005513798 0.2686713024591788 101
1651005513801 0.2764514684677124 102
1651005513803 0.2622138013988187 103
1651005513806 0.2531252863642934 104
1651005513808 0.2503641710613237 105
1651005513812 0.2509612943226601 106
1651005513818 0.24733667092008904 107
1651005513821 0.2542003449393716 108
1651005513823 0.25120902072379003 109
1651005513826 0.254929617702306 110
1651005513842 0.2562156862173325 111
1651005513853 0.26600861150921484 112
1651005513856 0.2621398102014493 113
1651005513859 0.24976188097244653 114
1651005513867 0.24488680452217548 115
1651005513870 0.24725704195298553 116
1651005513872 0.24928173330022302 117
1651005513875 0.2451088051874559 118
1651005513877 0.23955819349149207 119
1651005513885 0.24015003726595924 120
1651005513887 0.2449250095711523 121
1651005513890 0.23756310507491396 122
1651005513893 0.23721320435896023 123
1651005513896 0.23832358632768905 124
1651005513898 0.23837379887427165 125
1651005513901 0.2554327375067896 126
1651005513903 0.23550968756387522 127
1651005513905 0.2339143611135937 128
1651005513907 0.23255899128241417 129
1651005513909 0.23982658578362656 130
1651005513910 0.24249979362382992 131
