1651006678688 0.6989685893058777 1
1651006678691 0.6863975524902344 2
1651006678693 0.6857384443283081 3
1651006678695 0.6792487502098083 4
1651006678697 0.6785002946853638 5
1651006678699 0.6797969341278076 6
1651006678701 0.6792145371437073 7
1651006678702 0.677304744720459 8
1651006678704 0.6759666800498962 9
1651006678706 0.6758028864860535 10
1651006678709 0.6759321093559265 11
1651006678712 0.6754915714263916 12
1651006678714 0.6745514869689941 13
1651006678716 0.6737261414527893 14
1651006678717 0.6733435988426208 15
1651006678718 0.6731998324394226 16
1651006678720 0.672861635684967 17
1651006678721 0.6722031235694885 18
1651006678723 0.671461820602417 19
1651006678725 0.6709089875221252 20
1651006678726 0.6705297231674194 21
1651006678735 0.6700600981712341 22
1651006678737 0.669394314289093 23
1651006678739 0.668687641620636 24
1651006678742 0.6681208610534668 25
1651006678744 0.6676095128059387 26
1651006678746 0.6669597029685974 27
1651006678749 0.6661776900291443 28
1651006678752 0.6654391884803772 29
1651006678754 0.6647210717201233 30
1651006678756 0.6638733148574829 31
1651006678758 0.6629917025566101 32
1651006678761 0.6620899438858032 33
1651006678763 0.6611495018005371 34
1651006678767 0.6600956320762634 35
1651006678770 0.6589615345001221 36
1651006678772 0.657762348651886 37
1651006678776 0.6564570069313049 38
1651006678781 0.655015230178833 39
1651006678784 0.6534439921379089 40
1651006678786 0.651759684085846 41
1651006678789 0.6498369574546814 42
1651006678793 0.6479414701461792 43
1651006678795 0.6452655792236328 44
1651006678798 0.6425855159759521 45
1651006678800 0.6402385830879211 46
1651006678803 0.6365658044815063 47
1651006678805 0.6371902227401733 48
1651006678810 0.6284210085868835 49
1651006678817 0.6289823651313782 50
1651006678820 0.6317859292030334 51
1651006678823 0.6248711347579956 52
1651006678825 0.6167104244232178 53
1651006678828 0.6108077764511108 54
1651006678831 0.606713593006134 55
1651006678834 0.5942224860191345 56
1651006678836 0.6039450168609619 57
1651006678837 0.601843535900116 58
1651006678840 0.5699586272239685 59
1651006678842 0.6083119511604309 60
1651006678849 0.5950747728347778 61
1651006678852 0.5832563638687134 62
1651006678854 0.5663694143295288 63
1651006678857 0.5821227431297302 64
1651006678860 0.5368807911872864 65
1651006678863 0.5696396231651306 66
1651006678866 0.5157343149185181 67
1651006678869 0.5576035380363464 68
1651006678872 0.512803316116333 69
1651006678875 0.5278431177139282 70
1651006678877 0.49489572644233704 71
