1650992246847 0.7014704346656799 1
1650992246850 0.6801416873931885 2
1650992246852 0.682919979095459 3
1650992246855 0.6847259402275085 4
1650992246873 0.6824634075164795 5
1650992246875 0.6794315576553345 6
1650992246877 0.6777731776237488 7
1650992246880 0.6778122782707214 8
1650992246883 0.6784824132919312 9
1650992246885 0.6788128614425659 10
1650992246888 0.6784228682518005 11
1650992246891 0.6775205135345459 12
1650992246894 0.6765381097793579 13
1650992246923 0.67584228515625 14
1650992246925 0.6755746603012085 15
1650992246935 0.6755959987640381 16
1650992246941 0.6756097674369812 17
1650992246944 0.675315797328949 18
1650992246946 0.6748368740081787 19
1650992246985 0.6743061542510986 20
1650992246987 0.6738722920417786 21
1650992246990 0.6735957860946655 22
1650992246993 0.6734258532524109 23
1650992247001 0.6732463240623474 24
1650992247005 0.6729490756988525 25
1650992247015 0.6725167632102966 26
1650992247019 0.6720015406608582 27
1650992247021 0.67153400182724 28
1650992247023 0.6711131930351257 29
1650992247028 0.6707320809364319 30
1650992247031 0.6703504323959351 31
1650992247033 0.6699251532554626 32
1650992247035 0.6694321036338806 33
1650992247039 0.6689046025276184 34
1650992247044 0.668398916721344 35
1650992247047 0.6679068803787231 36
1650992247051 0.6673848032951355 37
1650992247054 0.6667777895927429 38
1650992247076 0.6661197543144226 39
1650992247081 0.6654307842254639 40
1650992247083 0.6647408604621887 41
1650992247086 0.6640344858169556 42
1650992247111 0.6632410287857056 43
1650992247113 0.6624084711074829 44
1650992247115 0.661551833152771 45
1650992247120 0.6606497168540955 46
1650992247123 0.6596748232841492 47
1650992247126 0.6586300134658813 48
1650992247129 0.657514214515686 49
1650992247133 0.656330943107605 50
1650992247141 0.655048131942749 51
1650992247144 0.653631865978241 52
1650992247147 0.6521885991096497 53
1650992247149 0.6506463289260864 54
1650992247162 0.6489936113357544 55
1650992247164 0.6471997499465942 56
1650992247167 0.6452705264091492 57
1650992247170 0.6431874632835388 58
1650992247175 0.640936017036438 59
1650992247178 0.638485312461853 60
1650992247188 0.6358196139335632 61
1650992247190 0.6329236626625061 62
1650992247193 0.6297820210456848 63
1650992247197 0.6263602375984192 64
1650992247204 0.6225964426994324 65
1650992247206 0.6185035705566406 66
1650992247213 0.6150285601615906 67
1650992247216 0.6165040731430054 68
1650992247219 0.6062442660331726 69
1650992247221 0.6039007902145386 70
1650992247224 0.5998269319534302 71
1650992247230 0.5918179154396057 72
1650992247309 0.5877891778945923 73
