1651001728309 0.6922756433486938 1
1651001728313 0.6794872879981995 2
1651001728315 0.682505190372467 3
1651001728317 0.6828721761703491 4
1651001728321 0.6801707148551941 5
1651001728323 0.6780545711517334 6
1651001728328 0.6777674555778503 7
1651001728330 0.6782087683677673 8
1651001728333 0.678415834903717 9
1651001728335 0.6778151392936707 10
1651001728338 0.676734983921051 11
1651001728340 0.6758126616477966 12
1651001728342 0.6753528118133545 13
1651001728345 0.6752333641052246 14
1651001728348 0.6751223802566528 15
1651001728351 0.6747621297836304 16
1651001728353 0.6741333603858948 17
1651001728355 0.6734849810600281 18
1651001728359 0.6730039119720459 19
1651001728362 0.6727154850959778 20
1651001728364 0.6724488735198975 21
1651001728366 0.6720524430274963 22
1651001728369 0.67149817943573 23
1651001728371 0.6708720326423645 24
1651001728373 0.6703078746795654 25
1651001728375 0.6698498725891113 26
1651001728377 0.6694067716598511 27
1651001728379 0.6688552498817444 28
1651001728381 0.6682060360908508 29
1651001728383 0.6675539612770081 30
1651001728385 0.6669480204582214 31
1651001728387 0.6663652062416077 32
1651001728389 0.6657146215438843 33
1651001728392 0.6649593710899353 34
1651001728395 0.6641713380813599 35
1651001728397 0.6634116172790527 36
1651001728400 0.6626449227333069 37
1651001728402 0.6618000864982605 38
1651001728404 0.6608895063400269 39
1651001728406 0.6599709391593933 40
1651001728408 0.6590455174446106 41
1651001728410 0.6580517888069153 42
1651001728413 0.6569803953170776 43
1651001728415 0.6558811068534851 44
1651001728417 0.654757559299469 45
1651001728420 0.6535702347755432 46
1651001728422 0.652315616607666 47
1651001728424 0.6510355472564697 48
1651001728426 0.6496986746788025 49
1651001728429 0.6482829451560974 50
1651001728431 0.6468176245689392 51
1651001728433 0.645304799079895 52
1651001728436 0.6437117457389832 53
1651001728440 0.6420730948448181 54
1651001728442 0.640365481376648 55
1651001728444 0.6385881900787354 56
1651001728447 0.6367364525794983 57
1651001728449 0.6348251104354858 58
1651001728451 0.6328380703926086 59
1651001728456 0.6307831406593323 60
1651001728459 0.6286454200744629 61
1651001728464 0.6264392137527466 62
1651001728466 0.6241552233695984 63
1651001728469 0.6217942833900452 64
1651001728472 0.6193523406982422 65
1651001728474 0.6168358325958252 66
1651001728476 0.6142371296882629 67
1651001728478 0.611561119556427 68
1651001728480 0.6088089346885681 69
1651001728482 0.6059775352478027 70
1651001728484 0.6030604839324951 71
1651001728486 0.6000655293464661 72
1651001728489 0.5969932675361633 73
1651001728491 0.5938392877578735 74
1651001728494 0.590606153011322 75
1651001728497 0.5873021483421326 76
1651001728500 0.5839241743087769 77
1651001728503 0.5804654955863953 78
1651001728505 0.5769434571266174 79
1651001728507 0.5733696222305298 80
1651001728513 0.569761335849762 81
1651001728515 0.5661239624023438 82
1651001728521 0.5625514984130859 83
1651001728530 0.5590566396713257 84
1651001728533 0.5556769967079163 85
1651001728542 0.5519568920135498 86
1651001728545 0.5478523969650269 87
1651001728547 0.544010579586029 88
1651001728549 0.540705144405365 89
1651001728551 0.5375574231147766 90
1651001728554 0.5339877009391785 91
1651001728558 0.5298858284950256 92
1651001728561 0.5258255004882812 93
1651001728565 0.5223759412765503 94
1651001728568 0.5193323493003845 95
1651001728571 0.5161498188972473 96
1651001728573 0.5123088359832764 97
