1651004035052 0.6930546164512634 1
1651004035055 0.6847324371337891 2
1651004035061 0.6856133341789246 3
1651004035064 0.6803451180458069 4
1651004035067 0.6782612800598145 5
1651004035070 0.6793025135993958 6
1651004035074 0.6798863410949707 7
1651004035077 0.6787219047546387 8
1651004035080 0.6769607663154602 9
1651004035082 0.675916314125061 10
1651004035084 0.6758029460906982 11
1651004035088 0.6759533882141113 12
1651004035093 0.6756393313407898 13
1651004035096 0.6748207211494446 14
1651004035099 0.6739648580551147 15
1651004035102 0.6734625697135925 16
1651004035105 0.6733148694038391 17
1651004035108 0.6731669902801514 18
1651004035111 0.6727461218833923 19
1651004035114 0.672075092792511 20
1651004035117 0.6713915467262268 21
1651004035119 0.6708933711051941 22
1651004035124 0.6705449223518372 23
1651004035129 0.6700998544692993 24
1651004035131 0.669519305229187 25
1651004035134 0.6688799858093262 26
1651004035137 0.6683048009872437 27
1651004035141 0.6678040623664856 28
1651004035143 0.6672609448432922 29
1651004035147 0.6666011214256287 30
1651004035150 0.665852963924408 31
1651004035153 0.6651273369789124 32
1651004035168 0.6644287109375 33
1651004035171 0.6636731624603271 34
1651004035173 0.6628431677818298 35
1651004035177 0.6619608402252197 36
1651004035180 0.6610807180404663 37
1651004035182 0.6601323485374451 38
1651004035185 0.6591249704360962 39
1651004035187 0.658038854598999 40
1651004035189 0.6569068431854248 41
1651004035196 0.6557209491729736 42
1651004035199 0.6544532775878906 43
1651004035203 0.6530868411064148 44
1651004035205 0.6516460180282593 45
1651004035211 0.6500985026359558 46
1651004035214 0.6484363079071045 47
1651004035216 0.6466479301452637 48
1651004035219 0.6447314023971558 49
1651004035221 0.642668604850769 50
1651004035224 0.6404261589050293 51
1651004035228 0.6379765272140503 52
1651004035231 0.6353144645690918 53
1651004035233 0.6323899030685425 54
1651004035236 0.6291777491569519 55
1651004035242 0.6257771253585815 56
1651004035245 0.624382734298706 57
1651004035248 0.6221782565116882 58
1651004035252 0.6216886043548584 59
1651004035256 0.6138948202133179 60
1651004035261 0.6147754788398743 61
1651004035264 0.6035308241844177 62
1651004035272 0.6021172404289246 63
1651004035279 0.5942057967185974 64
1651004035282 0.5965617895126343 65
1651004035285 0.5890445113182068 66
1651004035288 0.5807278752326965 67
1651004035291 0.5777636766433716 68
1651004035295 0.5620077252388 69
1651004035298 0.5618561506271362 70
1651004035301 0.5433955192565918 71
1651004035303 0.5339703559875488 72
1651004035308 0.5332081317901611 73
1651004035311 0.5216080546379089 74
1651004035313 0.5038022994995117 75
