1650992388081 0.6895629167556763 1
1650992388083 0.6822068095207214 2
1650992388085 0.6843540668487549 3
1650992388088 0.6805334687232971 4
1650992388090 0.6778282523155212 5
1650992388093 0.6779890656471252 6
1650992388097 0.6787175536155701 7
1650992388099 0.6779611110687256 8
1650992388102 0.6763291954994202 9
1650992388126 0.6751164793968201 10
1650992388132 0.6748546361923218 11
1650992388141 0.6748647093772888 12
1650992388143 0.6743658781051636 13
1650992388147 0.6733648180961609 14
1650992388149 0.672394871711731 15
1650992388152 0.6718522906303406 16
1650992388157 0.6715590953826904 17
1650992388170 0.6711066365242004 18
1650992388173 0.670318603515625 19
1650992388175 0.6694368720054626 20
1650992388177 0.66875821352005 21
1650992388179 0.66826993227005 22
1650992388182 0.6677066087722778 23
1650992388187 0.666894793510437 24
1650992388189 0.6660380959510803 25
1650992388192 0.665326714515686 26
1650992388194 0.6646954417228699 27
1650992388196 0.6639357209205627 28
1650992388199 0.6629945039749146 29
1650992388201 0.6620587706565857 30
1650992388204 0.6612187623977661 31
1650992388206 0.6603668928146362 32
1650992388211 0.6593319773674011 33
1650992388213 0.6582622528076172 34
1650992388215 0.6572660207748413 35
1650992388218 0.6562272906303406 36
1650992388220 0.655042290687561 37
1650992388223 0.6538278460502625 38
1650992388226 0.6526013016700745 39
1650992388228 0.6512992978096008 40
1650992388230 0.6499236226081848 41
1650992388233 0.6485522389411926 42
1650992388239 0.6471019387245178 43
1650992388242 0.6455605030059814 44
1650992388245 0.6439705491065979 45
1650992388248 0.6423102617263794 46
1650992388271 0.640571653842926 47
1650992388284 0.6387752890586853 48
1650992388288 0.6368826031684875 49
1650992388291 0.6349143385887146 50
1650992388298 0.6328669190406799 51
1650992388301 0.6307181715965271 52
1650992388304 0.6285083889961243 53
1650992388306 0.6261959671974182 54
1650992388308 0.6237956881523132 55
1650992388311 0.6213027834892273 56
1650992388314 0.618716299533844 57
1650992388316 0.61602783203125 58
1650992388319 0.6132343411445618 59
1650992388321 0.6103378534317017 60
1650992388324 0.6073382496833801 61
1650992388330 0.6041893362998962 62
1650992388332 0.6009581685066223 63
1650992388335 0.5976028442382812 64
1650992388337 0.594123125076294 65
1650992388339 0.5905163884162903 66
1650992388341 0.5867923498153687 67
1650992388344 0.5829159021377563 68
1650992388347 0.578894853591919 69
1650992388349 0.5747299194335938 70
1650992388351 0.5704211592674255 71
1650992388353 0.5659688115119934 72
1650992388398 0.561688244342804 73
1650992388401 0.5599637627601624 74
1650992388403 0.56402587890625 75
1650992388406 0.5513076782226562 76
1650992388408 0.5484196543693542 77
1650992388410 0.5460174679756165 78
1650992388413 0.5377883911132812 79
1650992388415 0.5397201180458069 80
1650992388418 0.5291258096694946 81
1650992388420 0.5312755703926086 82
1650992388422 0.5239179730415344 83
1650992388424 0.5180476903915405 84
1650992388427 0.5158568620681763 85
1650992388430 0.5076606869697571 86
1650992388433 0.5077925324440002 87
1650992388447 0.49828362464904785 88
1650992388452 0.49508869647979736 89
1650992388456 0.4895097017288208 90
1650992388459 0.4813680648803711 91
1650992388463 0.4795340299606323 92
1650992388465 0.4719402492046356 93
1650992388468 0.46218985319137573 94
1650992388472 0.4585406482219696 95
1650992388474 0.4567766785621643 96
1650992388479 0.4655801057815552 97
