1651001638976 0.7122450470924377 1
1651001638979 0.6949455738067627 2
1651001638981 0.6871073246002197 3
1651001638985 0.6830035448074341 4
1651001638989 0.6804426312446594 5
1651001638993 0.67929607629776 6
1651001638995 0.6791670322418213 7
1651001638999 0.6795403361320496 8
1651001639003 0.6799607872962952 9
1651001639009 0.6801179647445679 10
1651001639012 0.6800013780593872 11
1651001639016 0.679658055305481 12
1651001639019 0.6791734099388123 13
1651001639022 0.6786825656890869 14
1651001639024 0.6782734394073486 15
1651001639028 0.6779621243476868 16
1651001639053 0.6777748465538025 17
1651001639055 0.6776790022850037 18
1651001639057 0.6776604056358337 19
1651001639060 0.6776859760284424 20
1651001639063 0.6776947379112244 21
1651001639065 0.6776390671730042 22
1651001639068 0.677524209022522 23
1651001639071 0.6773720979690552 24
1651001639074 0.6772869825363159 25
1651001639077 0.6770278215408325 26
1651001639081 0.676860511302948 27
1651001639085 0.6766377687454224 28
1651001639087 0.6764842867851257 29
1651001639090 0.6762813925743103 30
1651001639101 0.676115095615387 31
1651001639104 0.6759207248687744 32
1651001639108 0.6756399273872375 33
1651001639111 0.6754055619239807 34
1651001639114 0.6751678586006165 35
1651001639116 0.6749123334884644 36
1651001639118 0.6746646165847778 37
1651001639120 0.6744125485420227 38
1651001639121 0.6741756796836853 39
1651001639123 0.6738797426223755 40
1651001639126 0.6735885143280029 41
1651001639129 0.6732667088508606 42
1651001639131 0.6729699373245239 43
1651001639133 0.6726733446121216 44
1651001639136 0.6723530292510986 45
1651001639138 0.6720156073570251 46
1651001639141 0.6716567873954773 47
1651001639164 0.671269953250885 48
1651001639169 0.6709005832672119 49
1651001639172 0.6705012321472168 50
1651001639176 0.6701098084449768 51
