1651001891673 0.6883261799812317 1
1651001891675 0.6817317008972168 2
1651001891678 0.6832367777824402 3
1651001891681 0.681634783744812 4
1651001891683 0.6797258257865906 5
1651001891685 0.6791471838951111 6
1651001891686 0.6794614195823669 7
1651001891689 0.679551362991333 8
1651001891691 0.6789252758026123 9
1651001891693 0.6779894232749939 10
1651001891696 0.677229106426239 11
1651001891698 0.6768659949302673 12
1651001891700 0.6767234206199646 13
1651001891702 0.6764856576919556 14
1651001891705 0.6759944558143616 15
1651001891707 0.6753642559051514 16
1651001891709 0.6747989058494568 17
1651001891711 0.6744031310081482 18
1651001891714 0.6740898489952087 19
1651001891715 0.6737508177757263 20
1651001891718 0.673244059085846 21
1651001891719 0.6726219654083252 22
1651001891721 0.672021210193634 23
1651001891723 0.6715218424797058 24
1651001891725 0.6710642576217651 25
1651001891727 0.6705362796783447 26
1651001891728 0.6699038147926331 27
1651001891730 0.6692323088645935 28
1651001891733 0.668601393699646 29
1651001891736 0.6680083274841309 30
1651001891738 0.6673506498336792 31
1651001891740 0.6665785908699036 32
1651001891741 0.6657355427742004 33
1651001891743 0.6649572849273682 34
1651001891744 0.6641370058059692 35
1651001891746 0.6632409691810608 36
1651001891749 0.6622827053070068 37
1651001891751 0.6613267064094543 38
1651001891754 0.6603421568870544 39
1651001891756 0.6592555046081543 40
1651001891757 0.6580974459648132 41
1651001891759 0.6569175720214844 42
1651001891760 0.6556742191314697 43
1651001891762 0.6543464660644531 44
1651001891764 0.6529728770256042 45
1651001891767 0.651549756526947 46
1651001891769 0.6500356197357178 47
1651001891771 0.6484468579292297 48
1651001891774 0.6467888951301575 49
1651001891776 0.6450546979904175 50
1651001891778 0.6432457566261292 51
1651001891781 0.6413577795028687 52
1651001891783 0.6393775343894958 53
1651001891785 0.6373133063316345 54
1651001891788 0.6351664662361145 55
1651001891790 0.6329333186149597 56
1651001891793 0.6306093335151672 57
1651001891795 0.628190279006958 58
1651001891796 0.6256825923919678 59
1651001891798 0.623079776763916 60
1651001891800 0.6203877925872803 61
1651001891802 0.6175944805145264 62
1651001891804 0.6147105097770691 63
1651001891806 0.6117374300956726 64
1651001891807 0.6086565852165222 65
1651001891809 0.6054955720901489 66
1651001891811 0.6022418737411499 67
1651001891812 0.5988996028900146 68
1651001891814 0.5954651236534119 69
1651001891816 0.5919494032859802 70
1651001891818 0.5883505940437317 71
1651001891820 0.5846759676933289 72
1651001891822 0.5809578895568848 73
1651001891824 0.5772458910942078 74
1651001891826 0.5736827254295349 75
1651001891828 0.5702827572822571 76
1651001891831 0.5665716528892517 77
1651001891833 0.5623090267181396 78
1651001891835 0.558428168296814 79
1651001891837 0.5551549792289734 80
1651001891839 0.5517827868461609 81
1651001891841 0.5478637218475342 82
1651001891844 0.543618381023407 83
1651001891846 0.5399254560470581 84
1651001891848 0.5367145538330078 85
1651001891850 0.5332788228988647 86
1651001891853 0.5292835235595703 87
1651001891855 0.525082528591156 88
1651001891857 0.5213546752929688 89
1651001891859 0.5181008577346802 90
1651001891862 0.5149655938148499 91
1651001891864 0.5115917325019836 92
1651001891866 0.5074912309646606 93
1651001891869 0.5032050609588623 94
1651001891871 0.4995814263820648 95
1651001891873 0.4966011345386505 96
1651001891876 0.4938158094882965 97
1651001891878 0.4904581308364868 98
1651001891881 0.48643729090690613 99
