1650992512694 0.6987897157669067 1
1650992512696 0.6800415515899658 2
1650992512699 0.6847237944602966 3
1650992512701 0.6842371225357056 4
1650992512704 0.6803695559501648 5
1650992512753 0.677652895450592 6
1650992512755 0.6775124669075012 7
1650992512758 0.6785114407539368 8
1650992512760 0.678968608379364 9
1650992512766 0.6781530976295471 10
1650992512770 0.6766904592514038 11
1650992512773 0.6755127310752869 12
1650992512775 0.6749746203422546 13
1650992512778 0.6750537753105164 14
1650992512781 0.6750975847244263 15
1650992512783 0.6746891736984253 16
1650992512785 0.6739184856414795 17
1650992512788 0.6730812788009644 18
1650992512790 0.6725184917449951 19
1650992512792 0.6722723841667175 20
1650992512794 0.6721152663230896 21
1650992512798 0.6717609763145447 22
1650992512800 0.6711564660072327 23
1650992512803 0.6704350113868713 24
1650992512806 0.6698106527328491 25
1650992512808 0.6693543195724487 26
1650992512815 0.6689465641975403 27
1650992512818 0.668436586856842 28
1650992512821 0.6677831411361694 29
1650992512823 0.6670823693275452 30
1650992512828 0.6664475202560425 31
1650992512830 0.6658883690834045 32
1650992512832 0.6652709245681763 33
1650992512834 0.6645411849021912 34
1650992512840 0.6637399196624756 35
1650992512843 0.6629676818847656 36
1650992512845 0.6622174382209778 37
1650992512847 0.6613867878913879 38
1650992512849 0.6604709625244141 39
1650992512881 0.6595346331596375 40
1650992512884 0.6585964560508728 41
1650992512886 0.6576083302497864 42
1650992512888 0.6565315127372742 43
1650992512894 0.6554057002067566 44
1650992512897 0.654274582862854 45
1650992512899 0.653039813041687 46
1650992512902 0.6517429351806641 47
1650992512904 0.6504150032997131 48
1650992512906 0.6490226984024048 49
1650992512909 0.6475395560264587 50
1650992512911 0.6460034847259521 51
1650992512913 0.6443941593170166 52
1650992512916 0.6426934599876404 53
1650992512918 0.6409194469451904 54
1650992512920 0.6390635371208191 55
1650992512923 0.6371131539344788 56
1650992512925 0.6350813508033752 57
1650992512927 0.6329541206359863 58
1650992512929 0.630729079246521 59
1650992512932 0.6284005641937256 60
1650992512934 0.6259564757347107 61
1650992512941 0.6234079003334045 62
1650992512943 0.6207243800163269 63
1650992512947 0.617904543876648 64
1650992512952 0.6149806380271912 65
1650992512954 0.611901581287384 66
1650992512973 0.6086698770523071 67
1650992512981 0.6052753329277039 68
1650992513005 0.6017246246337891 69
1650992513018 0.598014771938324 70
1650992513021 0.5941578149795532 71
1650992513023 0.5903700590133667 72
1650992513036 0.5864241123199463 73
1650992513044 0.5830721855163574 74
1650992513046 0.578213095664978 75
1650992513049 0.5723821520805359 76
1650992513061 0.5685390830039978 77
1650992513063 0.563740611076355 78
1650992513065 0.5578330755233765 79
1650992513067 0.5516694188117981 80
1650992513069 0.5464856028556824 81
1650992513071 0.541568398475647 82
1650992513074 0.5394209623336792 83
1650992513077 0.5468505024909973 84
1650992513080 0.5245810747146606 85
1650992513082 0.5226889848709106 86
