1650992907020 0.6929548153510461 1
1650992907024 0.689426818391779 2
1650992907028 0.6861234501604632 3
1650992907031 0.6806519328456222 4
1650992907034 0.676652539780725 5
1650992907036 0.6721281815361191 6
1650992907039 0.6678272383116977 7
1650992907047 0.657349420554472 8
1650992907049 0.6500804450485732 9
1650992907051 0.6524016732697958 10
1650992907053 0.6412162850627969 11
1650992907055 0.6352860846798936 12
1650992907057 0.6134163787513426 13
1650992907059 0.5957904215697404 14
1650992907062 0.5771342699344342 15
1650992907064 0.5640241527732038 16
1650992907066 0.5201993134868887 17
1650992907068 0.466418539757257 18
1650992907071 0.4955795874525776 19
1650992907075 0.4419225622446109 20
1650992907078 0.3636925198656299 21
1650992907098 0.3614821211322323 22
1650992907101 0.3280141860137492 23
1650992907103 0.2941912148461674 24
1650992907105 0.27045587049080777 25
1650992907107 0.2728054157761864 26
1650992907119 0.22728316158383757 27
1650992907122 0.2208780736931951 28
1650992907124 0.21138082040753556 29
1650992907127 0.2417398526882514 30
1650992907134 0.2096654861728787 31
1650992907138 0.22549641050480224 32
1650992907141 0.1874730163441473 33
1650992907146 0.18185956399519365 34
1650992907159 0.1600514006265354 35
1650992907161 0.15136014721987448 36
1650992907180 0.1465408484632279 37
1650992907183 0.14322161674499512 38
1650992907185 0.14463541479337783 39
1650992907187 0.13907993745891165 40
1650992907189 0.1862690344507441 41
1650992907191 0.13706503808498383 42
1650992907193 0.13731775189930703 43
1650992907207 0.14103115898567242 44
1650992907210 0.1302491987581218 45
1650992907213 0.1309923611226536 46
1650992907234 0.12484121729275245 47
1650992907236 0.12724952266002312 48
1650992907238 0.12463109416293573 49
1650992907240 0.1288001591087261 50
1650992907242 0.14975658659533267 51
1650992907246 0.161740338573089 52
1650992907248 0.1306359535390204 53
1650992907250 0.13832073514059787 54
1650992907253 0.1370976664971956 55
1650992907255 0.12655283477935161 56
1650992907259 0.12786169186398222 57
1650992907261 0.1244406758538096 58
1650992907264 0.12645092808501623 59
1650992907266 0.11664194043302711 60
1650992907273 0.12426849820347496 61
1650992907276 0.11812290805818397 62
1650992907278 0.11227043202290168 63
1650992907280 0.11409758642697945 64
1650992907282 0.1201592023337717 65
1650992907294 0.11283262952780113 66
1650992907296 0.12063094741586364 67
1650992907298 0.12416279015741942 68
1650992907300 0.12221554085448548 69
1650992907302 0.12641257154090063 70
1650992907306 0.12483943316526029 71
1650992907319 0.11883016326379427 72
1650992907321 0.11086984993992272 73
1650992907324 0.11704853332632191 74
1650992907326 0.13408016125524874 75
1650992907344 0.12694160056201528 76
1650992907348 0.11787390223134568 77
1650992907350 0.1124715758112324 78
1650992907352 0.1122306825477125 79
1650992907373 0.1274598016516193 80
1650992907377 0.11213915754150558 81
1650992907379 0.10937470235885718 82
1650992907381 0.11007804377175076 83
1650992907384 0.11714044764583365 84
1650992907386 0.11370448429724235 85
1650992907388 0.1140369427946461 86
1650992907390 0.11648811162500591 87
1650992907392 0.13665032948984768 88
1650992907397 0.1218877497500989 89
1650992907400 0.11536991638523755 90
