1650998549103 0.6939820697456053 1
1650998549106 0.6994301100353618 2
1650998549109 0.6909797739633273 3
1650998549112 0.6885589688688845 4
1650998549114 0.6887846910036527 5
1650998549117 0.6874140014141907 6
1650998549119 0.6868401486358363 7
1650998549122 0.6842215183453683 8
1650998549125 0.6802904062218719 9
1650998549128 0.679474033497192 10
1650998549130 0.6753786448593978 11
1650998549133 0.6706313041103629 12
1650998549135 0.6728125496225043 13
1650998549137 0.6669209346229776 14
1650998549138 0.660202552765717 15
1650998549139 0.6545393720214621 16
1650998549141 0.644626056318318 17
1650998549144 0.6387526063255338 18
1650998549147 0.6266081494726105 19
1650998549149 0.6190479592089251 20
1650998549153 0.6060109745451819 21
1650998549155 0.5991751232863346 22
1650998549158 0.605768886241284 23
1650998549160 0.5996350194071676 24
1650998549163 0.5708175812448774 25
1650998549166 0.5545223270143781 26
1650998549168 0.5567857313068795 27
1650998549170 0.5381898574340038 28
1650998549173 0.5376207339457977 29
1650998549176 0.5191013922184815 30
1650998549178 0.5144584611221984 31
1650998549181 0.5114868362962981 32
1650998549183 0.48278388108089293 33
1650998549193 0.47522834172615636 34
1650998549195 0.4628463793586899 35
1650998549198 0.459660971557701 36
1650998549200 0.4435307292929499 37
1650998549206 0.4342139808686225 38
1650998549209 0.4250164446813283 39
1650998549211 0.4215607656227363 40
1650998549213 0.41871645970222277 41
1650998549215 0.415035910658784 42
1650998549219 0.39580864554796463 43
1650998549221 0.39608710141845677 44
1650998549223 0.38851829217030454 45
1650998549225 0.37493727680964345 46
1650998549228 0.3747374563863426 47
1650998549230 0.38616889747944505 48
1650998549232 0.379771311095346 49
1650998549235 0.36483477454482416 50
1650998549237 0.3601231974559826 51
1650998549239 0.3532671944780664 52
1650998549242 0.3405905026437599 53
1650998549244 0.33999328451715544 54
1650998549247 0.33376728746043893 55
1650998549249 0.33852056258327357 56
1650998549251 0.33088935371283645 57
1650998549254 0.3233214847115807 58
1650998549256 0.3244313222148043 59
1650998549259 0.3217070723846282 60
1650998549262 0.34225521375844764 61
1650998549264 0.32714383746241477 62
1650998549266 0.3037259410589169 63
1650998549269 0.30468856808030126 64
1650998549271 0.3021189518027253 65
1650998549274 0.2950901000490992 66
1650998549276 0.29399947139806365 67
1650998549277 0.29594429093839486 68
1650998549280 0.30848692930661714 69
1650998549281 0.3252822205478892 70
1650998549283 0.3073034908745315 71
1650998549285 0.32255702828749633 72
1650998549287 0.3120811398212726 73
1650998549288 0.2883153968241625 74
1650998549290 0.2787091521334735 75
1650998549293 0.29587620889747535 76
1650998549296 0.29533133724015276 77
1650998549300 0.2761679491498968 78
1650998549302 0.27098354085897786 79
1650998549305 0.26839679883513257 80
1650998549307 0.27003121043081246 81
1650998549310 0.2661795635253955 82
1650998549312 0.2723899979294438 83
1650998549315 0.2667515341178838 84
1650998549317 0.26316264080695617 85
1650998549319 0.2654636827580658 86
1650998549322 0.25990540422362723 87
1650998549324 0.25909791864973286 88
1650998549326 0.27461959372509964 89
1650998549328 0.27493719903977365 90
1650998549330 0.2601105098104302 91
1650998549332 0.2814048992626833 92
1650998549334 0.27207927564124923 93
1650998549335 0.26096337749844506 94
1650998549337 0.25353859938108003 95
1650998549339 0.2536567898242028 96
1650998549341 0.27859695927127376 97
1650998549343 0.25587761391213526 98
1650998549345 0.2636778268403623 99
1650998549348 0.2654489062644623 100
1650998549350 0.292258090697802 101
1650998549353 0.2718025284372407 102
1650998549355 0.25756625569128727 103
1650998549357 0.251837771945384 104
1650998549359 0.24262827503812182 105
1650998549362 0.24669832100361694 106
1650998549364 0.2513089554432111 107
1650998549366 0.2405048953744518 108
1650998549368 0.256881560816433 109
1650998549369 0.25517282080955994 110
1650998549371 0.24517366650340322 111
1650998549372 0.2581786786243592 112
1650998549374 0.26017551724509 113
