1650989765392 0.6997319344199184 1
1650989765394 0.6904227495630145 2
1650989765396 0.68746548192405 3
1650989765398 0.6874975629778572 4
1650989765400 0.682928632030557 5
1650989765402 0.6810031155526857 6
1650989765405 0.6758650366639917 7
1650989765407 0.6705601859442044 8
1650989765409 0.6606046511576726 9
1650989765411 0.6499394433838981 10
1650989765413 0.6202083743098892 11
1650989765415 0.5792030779433338 12
1650989765417 0.49785506430563037 13
1650989765419 0.3608053743620932 14
1650989765421 0.23254615985430205 15
1650989765422 0.19571817145024464 16
1650989765424 0.18889010149043994 17
1650989765425 0.15437060245227463 18
1650989765427 0.14584080345464714 19
1650989765428 0.16726770440300742 20
1650989765430 0.15263370883006316 21
1650989765431 0.14748348208355816 22
1650989765433 0.14350444662483622 23
1650989765434 0.14265179956133986 24
1650989765435 0.1393902797129128 25
1650989765437 0.137783652533105 26
1650989765438 0.1395663319926559 27
1650989765440 0.13752375210161175 28
1650989765441 0.15003057708452036 29
1650989765442 0.149687457270238 30
1650989765444 0.1462480881602773 31
1650989765446 0.1346191657713918 32
1650989765448 0.13709821522017537 33
1650989765450 0.152398560100641 34
1650989765452 0.13345628690261108 35
1650989765455 0.136238281502501 36
1650989765457 0.1397166867286731 37
1650989765460 0.1299666655915124 38
1650989765466 0.13599060273869135 39
1650989765469 0.137596230449039 40
1650989765472 0.13298889563415514 41
1650989765474 0.13120230830414392 42
1650989765476 0.1340066855534529 43
1650989765478 0.1313758966932585 44
1650989765479 0.14441989468676703 45
1650989765480 0.1357985502143046 46
1650989765482 0.1338477928887357 47
1650989765483 0.1326836693909142 48
1650989765484 0.12568754912951055 49
1650989765485 0.12364612863614009 50
1650989765487 0.12761768120112438 51
1650989765488 0.13067613482038618 52
1650989765490 0.14358413770740286 53
1650989765492 0.1167026461262406 54
1650989765494 0.13828915936169606 55
1650989765496 0.1229197078353756 56
1650989765498 0.12126592281973843 57
1650989765500 0.1138279731948297 58
1650989765502 0.120682771389301 59
1650989765505 0.11418743295110625 60
1650989765507 0.11873659282758996 61
1650989765509 0.12411314221747193 62
1650989765512 0.10970633247723946 63
1650989765514 0.12408822676637671 64
1650989765517 0.11741866071746027 65
1650989765519 0.10977915819092984 66
1650989765522 0.11123812749927298 67
1650989765524 0.11107405979227233 68
1650989765526 0.1199403961390366 69
1650989765528 0.11706941632124093 70
1650989765530 0.1355062571964858 71
1650989765533 0.12480572897654313 72
1650989765535 0.10498958605003882 73
1650989765537 0.11006247942700928 74
1650989765539 0.10676886430590143 75
1650989765542 0.10643652283446693 76
1650989765544 0.10996170271010626 77
1650989765546 0.10732321321090936 78
1650989765548 0.10839565690511312 79
1650989765550 0.10577615413255308 80
1650989765553 0.10409469987119074 81
1650989765556 0.1033877357294708 82
1650989765558 0.10456887329672719 83
1650989765561 0.10544661165047915 84
1650989765563 0.10409776571687761 85
