1651003793953 0.6872832775115967 1
1651003793955 0.6839313507080078 2
1651003793958 0.6824263334274292 3
1651003793961 0.6791700124740601 4
1651003793965 0.6787416338920593 5
1651003793968 0.6793983578681946 6
1651003793971 0.678835391998291 7
1651003793974 0.6773631572723389 8
1651003793977 0.6762912273406982 9
1651003793980 0.6760061383247375 10
1651003793983 0.6759090423583984 11
1651003793985 0.6753523945808411 12
1651003793987 0.6745454668998718 13
1651003793990 0.6739028096199036 14
1651003793996 0.6735444068908691 15
1651003793999 0.6732296943664551 16
1651003794001 0.6727761626243591 17
1651003794004 0.6721327304840088 18
1651003794007 0.6714543700218201 19
1651003794013 0.6709243059158325 20
1651003794016 0.6704440712928772 21
1651003794019 0.6698349118232727 22
1651003794022 0.6691720485687256 23
1651003794024 0.668518602848053 24
1651003794027 0.6678647398948669 25
1651003794030 0.6671861410140991 26
1651003794032 0.6664121150970459 27
1651003794034 0.665580689907074 28
1651003794037 0.6647106409072876 29
1651003794039 0.6638416051864624 30
1651003794043 0.6628934741020203 31
1651003794046 0.661862313747406 32
1651003794049 0.6608239412307739 33
1651003794051 0.6597157120704651 34
1651003794054 0.6584973931312561 35
1651003794056 0.6572136282920837 36
1651003794059 0.6558643579483032 37
1651003794062 0.6544108390808105 38
1651003794065 0.6528849601745605 39
1651003794067 0.6512434482574463 40
1651003794069 0.649488091468811 41
1651003794072 0.6476262211799622 42
1651003794074 0.6456264853477478 43
1651003794081 0.6435021162033081 44
1651003794084 0.6412147879600525 45
1651003794089 0.6387552618980408 46
1651003794095 0.6361088752746582 47
1651003794097 0.6332613229751587 48
1651003794099 0.6301736235618591 49
1651003794102 0.6268293857574463 50
1651003794104 0.6231766939163208 51
1651003794106 0.6191943883895874 52
1651003794109 0.6148053407669067 53
1651003794112 0.610026478767395 54
1651003794114 0.6049816608428955 55
1651003794117 0.6021734476089478 56
1651003794119 0.6093125343322754 57
1651003794123 0.5909942388534546 58
1651003794127 0.6052486896514893 59
1651003794131 0.5795243978500366 60
1651003794134 0.5869764089584351 61
1651003794139 0.5670758485794067 62
1651003794143 0.5848211050033569 63
1651003794147 0.5706464648246765 64
1651003794149 0.5721418261528015 65
1651003794152 0.5471410155296326 66
1651003794154 0.5617870688438416 67
1651003794156 0.5307192802429199 68
1651003794160 0.5457550883293152 69
1651003794163 0.5151063799858093 70
1651003794165 0.5280860066413879 71
1651003794167 0.49720457196235657 72
1651003794170 0.5055595636367798 73
1651003794172 0.4812066853046417 74
1651003794174 0.4730706512928009 75
1651003794177 0.4760358929634094 76
1651003794180 0.44070595502853394 77
1651003794182 0.4362415075302124 78
1651003794185 0.47642454504966736 79
1651003794186 0.432282418012619 80
1651003794189 0.3963155448436737 81
1651003794191 0.37941113114356995 82
1651003794197 0.3933790624141693 83
1651003794200 0.40661197900772095 84
