1650991685487 0.6941307187080383 1
1650991685517 0.6818042397499084 2
1650991685519 0.6849276423454285 3
1650991685521 0.6820969581604004 4
1650991685544 0.6786025166511536 5
1650991685546 0.6775282621383667 6
1650991685549 0.6779884696006775 7
1650991685551 0.6783518195152283 8
1650991685555 0.6778042912483215 9
1650991685559 0.6766874194145203 10
1650991685561 0.6755637526512146 11
1650991685564 0.6749725341796875 12
1650991685568 0.6748459339141846 13
1650991685570 0.674767017364502 14
1650991685572 0.674365758895874 15
1650991685582 0.6737082600593567 16
1650991685585 0.67303866147995 17
1650991685607 0.6725314855575562 18
1650991685610 0.6721345782279968 19
1650991685615 0.6717797517776489 20
1650991685624 0.6713768243789673 21
1650991685627 0.6708036661148071 22
1650991685641 0.6701470613479614 23
1650991685662 0.6695382595062256 24
1650991685730 0.6690220832824707 25
1650991685747 0.6685068607330322 26
1650991685752 0.66785728931427 27
1650991685755 0.667151153087616 28
1650991685767 0.6664496064186096 29
1650991685773 0.6657803654670715 30
1650991685775 0.6650987267494202 31
1650991685778 0.6643239855766296 32
1650991685817 0.6634472608566284 33
1650991685831 0.6625586152076721 34
1650991685836 0.6616767644882202 35
1650991685871 0.6606787443161011 36
1650991685879 0.6596561074256897 37
1650991685883 0.6586016416549683 38
1650991685888 0.657485842704773 39
1650991685900 0.6562936902046204 40
1650991685906 0.6550463438034058 41
1650991685929 0.6537282466888428 42
1650991685950 0.6523211002349854 43
1650991685961 0.6508321166038513 44
1650991685963 0.6492742300033569 45
1650991685966 0.6476287841796875 46
1650991685980 0.6458755731582642 47
1650991685984 0.6440274119377136 48
1650991685994 0.6420792937278748 49
1650991685996 0.6400134563446045 50
1650991685998 0.6378306746482849 51
1650991686006 0.6355183124542236 52
1650991686010 0.6330831050872803 53
1650991686013 0.6304938197135925 54
1650991686016 0.627743124961853 55
1650991686020 0.6248250603675842 56
1650991686023 0.6217275857925415 57
1650991686025 0.6184622645378113 58
1650991686030 0.6149638295173645 59
1650991686033 0.6112583875656128 60
1650991686041 0.6073201894760132 61
1650991686044 0.6031062006950378 62
1650991686047 0.5986019372940063 63
1650991686050 0.5938072800636292 64
1650991686052 0.5894615650177002 65
1650991686055 0.5932828783988953 66
1650991686057 0.5894359350204468 67
1650991686059 0.5745601654052734 68
1650991686062 0.5782973766326904 69
1650991686064 0.5661072731018066 70
1650991686107 0.5674692392349243 71
1650991686109 0.5572816133499146 72
1650991686111 0.5558204054832458 73
1650991686113 0.5455924868583679 74
1650991686115 0.5427221059799194 75
1650991686123 0.5340944528579712 76
1650991686126 0.5262143611907959 77
1650991686128 0.5226547718048096 78
1650991686134 0.5086364150047302 79
1650991686139 0.5042806267738342 80
1650991686142 0.4997497797012329 81
1650991686146 0.4893482029438019 82
1650991686149 0.4730178415775299 83
1650991686153 0.4647575616836548 84
1650991686163 0.46503445506095886 85
1650991686167 0.47013479471206665 86
1650991686173 0.4790113568305969 87
1650991686178 0.424860417842865 88
1650991686183 0.44145652651786804 89
1650991686208 0.4494447410106659 90
1650991686211 0.39641937613487244 91
1650991686213 0.4335670471191406 92
1650991686215 0.4056692123413086 93
1650991686219 0.38130125403404236 94
