1650996302578 0.6947543387447958 1
1650996302580 0.6894389434611841 2
1650996302582 0.6865639542485331 3
1650996302584 0.6847412629878564 4
1650996302586 0.6823642592290382 5
1650996302587 0.6784468941636138 6
1650996302589 0.6772290420182895 7
1650996302591 0.6734429925352663 8
1650996302593 0.6793707683409527 9
1650996302595 0.6773503813551459 10
1650996302597 0.6649451354047754 11
1650996302598 0.6652976853070242 12
1650996302600 0.6691173293215015 13
1650996302602 0.6486895857276497 14
1650996302604 0.646111731782501 15
1650996302606 0.6431963061675047 16
1650996302608 0.6341553939567818 17
1650996302613 0.6288076499442914 18
1650996302620 0.6236795145513374 19
1650996302622 0.6127135967596983 20
1650996302624 0.6001798938482236 21
1650996302626 0.5904170471233327 22
1650996302628 0.5777228629632747 23
1650996302630 0.5690048596797845 24
1650996302632 0.5611038561705705 25
1650996302635 0.5512271800757328 26
1650996302637 0.5664761944131537 27
1650996302639 0.5345479608018756 28
1650996302641 0.529879303642245 29
1650996302643 0.5126364859905872 30
1650996302645 0.5102389614223998 31
1650996302647 0.4967709222992698 32
1650996302649 0.47969954037840984 33
1650996302660 0.47145166523727305 34
1650996302662 0.46048379839558307 35
1650996302665 0.44790213721575756 36
1650996302670 0.43885301451979974 37
1650996302673 0.43349536128969857 38
1650996302680 0.4353021122378744 39
1650996302682 0.4151595494686029 40
1650996302684 0.40697486573086555 41
1650996302686 0.40137607426870436 42
1650996302688 0.39160842107329175 43
1650996302726 0.3860956236119672 44
1650996302729 0.3805146337428809 45
1650996302731 0.37618238760001493 46
1650996302733 0.41126798218859856 47
1650996302739 0.42804257326073697 48
1650996302741 0.4390912496999943 49
1650996302772 0.41331419315966933 50
1650996302779 0.38997198046345416 51
1650996302781 0.36820567734948884 52
1650996302810 0.3486033115849827 53
1650996302816 0.35095661081673896 54
1650996302818 0.3456461621728136 55
1650996302820 0.3356287440100869 56
1650996302822 0.3340590672615247 57
1650996302825 0.32853390489305767 58
1650996302827 0.3223124996864752 59
1650996302829 0.32606051027119815 60
1650996302840 0.3387390375137329 61
1650996302842 0.32721245976594776 62
1650996302912 0.3140067979966328 63
1650996302915 0.30726471106648007 64
1650996302917 0.30555660929872 65
1650996302919 0.3031947430455204 66
1650996302921 0.31051768346147224 67
1650996302923 0.3225974772439335 68
1650996302925 0.30680947436954514 69
1650996302927 0.29620126872272284 70
1650996302934 0.2972388752214201 71
1650996302936 0.2968788296530098 72
1650996302938 0.29237589229157557 73
1650996302941 0.2913513571133107 74
1650996302945 0.29367505674397115 75
1650996302949 0.2867932261783125 76
1650996302951 0.2809799590826908 77
1650996302953 0.278557273821953 78
1650996302955 0.277075490126243 79
1650996302963 0.27350186390099507 80
1650996302965 0.2740061932649368 81
1650996302967 0.2843461092356797 82
1650996302972 0.27494912084205686 83
1650996302974 0.2710158856578799 84
1650996302976 0.2775358253673756 85
1650996302978 0.27254328972254044 86
1650996302981 0.26211643830323833 87
1650996302983 0.2626963632229047 88
1650996302985 0.2600078307665311 89
1650996302986 0.2655783224673498 90
1650996302988 0.2599807308488713 91
1650996302991 0.2578662831486363 92
1650996302993 0.2582333078096201 93
1650996302999 0.2800544292935522 94
1650996303002 0.26242022860399533 95
1650996303005 0.25929057074117134 96
1650996303010 0.2557438086895716 97
1650996303013 0.24877893640881493 98
1650996303015 0.24869963886973623 99
1650996303017 0.2549855135954343 100
1650996303025 0.2508858977219997 101
1650996303027 0.24671473258580917 102
1650996303029 0.24391821703631364 103
1650996303034 0.24508955086762216 104
1650996303037 0.24595683038016378 105
1650996303042 0.26817402243614197 106
1650996303054 0.2546040333343513 107
1650996303056 0.24561643371215233 108
1650996303058 0.23795102329262885 109
1650996303060 0.23834039320002545 110
1650996303062 0.23780975619078557 111
1650996303064 0.24581797677518685 112
