1650988638870 0.6988661271748525 1
1650988638872 0.690878241053431 2
1650988638873 0.6928333244917594 3
1650988638875 0.6868598452417842 4
1650988638876 0.6866774609237364 5
1650988638878 0.683941839815496 6
1650988638879 0.6785043163613959 7
1650988638881 0.6729905288734715 8
1650988638883 0.6741046796351562 9
1650988638885 0.6628350065304682 10
1650988638887 0.6459904075105548 11
1650988638889 0.6164215798779722 12
1650988638892 0.5617289953616076 13
1650988638894 0.5090185495523306 14
1650988638896 0.4011018263114678 15
1650988638899 0.27206836220545644 16
1650988638902 0.1939829090139368 17
1650988638907 0.1539020048174666 18
1650988638912 0.15088732513315947 19
1650988638914 0.14468341443564867 20
1650988638917 0.14709652348970756 21
1650988638919 0.15135847583358542 22
1650988638921 0.14319337385914702 23
1650988638923 0.15018945675848167 24
1650988638924 0.13754806719420157 25
1650988638925 0.14622718057571313 26
1650988638926 0.1418555191967077 27
1650988638928 0.13322144943279224 28
1650988638929 0.13050386800870792 29
1650988638930 0.13107931930503566 30
1650988638932 0.13020048970049555 31
1650988638935 0.13054132614380273 32
1650988638938 0.14638068226776718 33
1650988638940 0.14738404003036765 34
1650988638943 0.16800990575180821 35
1650988638946 0.14236110649429834 36
1650988638948 0.14552407916430588 37
1650988638950 0.13446266305097293 38
1650988638952 0.1297647169767282 39
1650988638955 0.12199295615101909 40
1650988638957 0.14621101379831195 41
1650988638959 0.12279121031909636 42
1650988638962 0.12962598722059648 43
1650988638970 0.15535945221508815 44
1650988638972 0.14407165976234407 45
1650988638974 0.12723588484984177 46
1650988638977 0.1251838267832012 47
1650988638979 0.12022708309984906 48
1650988638981 0.12274534309849197 49
1650988638983 0.1253673768169059 50
1650988638985 0.12865074366440266 51
1650988638988 0.12506247456475492 52
1650988638990 0.11697327304672409 53
1650988638993 0.11913705483461037 54
1650988638995 0.12534898159268137 55
1650988638999 0.11308858590029972 56
1650988639001 0.11549392031444299 57
1650988639003 0.11448548564980755 58
1650988639005 0.11483995840226338 59
1650988639007 0.12334137991234496 60
1650988639010 0.12972634869726588 61
1650988639013 0.12497962953952643 62
1650988639015 0.14867337746716244 63
1650988639017 0.15229379486688327 64
1650988639020 0.15021232791217692 65
1650988639021 0.11779454661594642 66
1650988639023 0.1085933785298805 67
1650988639027 0.10869952741560045 68
1650988639030 0.11192660003682196 69
1650988639033 0.11942539143038321 70
1650988639040 0.11916995295511061 71
1650988639043 0.1253929730682146 72
1650988639046 0.11117809115748703 73
1650988639048 0.11223767091939738 74
1650988639050 0.10832009942103656 75
1650988639053 0.10884332967983497 76
1650988639056 0.10836003088962028 77
1650988639058 0.11193481573473403 78
1650988639060 0.11622230602162224 79
1650988639063 0.12422114143987278 80
1650988639065 0.10551563472974868 81
1650988639068 0.12355870587048513 82
1650988639071 0.12092559612714328 83
1650988639074 0.11456300828592245 84
1650988639076 0.11523846097481556 85
1650988639079 0.11259887577631535 86
1650988639082 0.10749456968717959 87
1650988639084 0.106312374601434 88
1650988639087 0.11033938514007317 89
