1650986744925 0.6977258619371352 1
1650986744927 0.6920560775222359 2
1650986744928 0.6868096476509458 3
1650986744930 0.6849613063064687 4
1650986744931 0.6811236649642497 5
1650986744933 0.6800021629630427 6
1650986744934 0.6747989781173594 7
1650986744936 0.6686925822561913 8
1650986744938 0.6567632807043445 9
1650986744940 0.6340213544639476 10
1650986744942 0.6050868453560295 11
1650986744945 0.5456091104409634 12
1650986744947 0.46162933788020094 13
1650986744949 0.35282040166330864 14
1650986744952 0.24656049667042254 15
1650986744955 0.18477470097524343 16
1650986744958 0.16167718122948657 17
1650986744960 0.15526534769779596 18
1650986744962 0.13769907081301833 19
1650986744964 0.1395945389628847 20
1650986744967 0.13668231191215935 21
1650986744968 0.1286897769286519 22
1650986744970 0.12410638454087052 23
1650986744971 0.1402311738266613 24
1650986744972 0.12553908673179892 25
1650986744973 0.12348125902287689 26
1650986744975 0.12862079058374679 27
1650986744976 0.13204196076362562 28
1650986744977 0.135544295221458 29
1650986744979 0.12661952334336746 30
1650986744980 0.1252163270618016 31
1650986744982 0.11663718472470294 32
1650986744983 0.11548800040514041 33
1650986744984 0.11945573357872037 34
1650986744985 0.12367985332077676 35
1650986744986 0.11333139202533624 36
1650986744989 0.11896943139942574 37
1650986744991 0.1140327805400768 38
1650986745005 0.11242952656287414 39
1650986745012 0.1111125409493953 40
1650986745014 0.11338035710456171 41
1650986745016 0.11234221571967715 42
1650986745018 0.11078014808805871 43
1650986745021 0.1101554885997877 44
1650986745023 0.10921985374920534 45
1650986745025 0.11034673921791188 46
1650986745027 0.12112208480363364 47
1650986745030 0.10910787122262704 48
1650986745032 0.10675024683331395 49
1650986745034 0.14326940673393207 50
1650986745036 0.11276489714563111 51
1650986745038 0.11100158321879286 52
1650986745040 0.12234107156594594 53
1650986745042 0.12296556531291306 54
1650986745045 0.1091660724018083 55
1650986745047 0.10882466166338205 56
1650986745049 0.1101411297753617 57
1650986745052 0.11654507289657663 58
1650986745054 0.12960939687905293 59
1650986745056 0.11121134098359953 60
1650986745059 0.10293561299314428 61
1650986745061 0.10319155105304369 62
1650986745063 0.10322979294555092 63
1650986745065 0.10539146062436995 64
1650986745067 0.10282859446364881 65
1650986745069 0.10061516162458357 66
1650986745072 0.10850261105395062 67
1650986745074 0.110690876077383 68
1650986745076 0.11235645216899914 69
1650986745079 0.11355879520758605 70
1650986745081 0.10786460048003947 71
1650986745083 0.10178298374890407 72
1650986745085 0.10152133543303599 73
1650986745087 0.10236236021850571 74
1650986745090 0.09988385875583132 75
1650986745094 0.11533006733699595 76
1650986745096 0.10384012671399029 77
1650986745097 0.10378305848701533 78
1650986745101 0.09944505252680935 79
1650986745103 0.10125607222100318 80
1650986745105 0.10537232584132379 81
1650986745107 0.10085281541386804 82
1650986745109 0.10363583077059124 83
1650986745111 0.11112751224975446 84
1650986745113 0.10348408762024436 85
1650986745115 0.1070023605620468 86
1650986745116 0.09899863666230506 87
1650986745117 0.10012183114613368 88
