1650992163832 0.6920359134674072 1
1650992163834 0.6806125640869141 2
1650992163838 0.6833245754241943 3
1650992163840 0.682033360004425 4
1650992163843 0.6792539358139038 5
1650992163849 0.6781561970710754 6
1650992163851 0.6781863570213318 7
1650992163853 0.6783829927444458 8
1650992163855 0.6779424548149109 9
1650992163859 0.6768994927406311 10
1650992163862 0.6759306192398071 11
1650992163864 0.6753990054130554 12
1650992163866 0.6752206087112427 13
1650992163868 0.6749962568283081 14
1650992163906 0.6745285987854004 15
1650992163911 0.6738572716712952 16
1650992163925 0.6731970310211182 17
1650992163927 0.6727344393730164 18
1650992163936 0.6723994016647339 19
1650992163938 0.6720229983329773 20
1650992163940 0.6714850068092346 21
1650992163943 0.6708462834358215 22
1650992163947 0.6702388525009155 23
1650992163950 0.6697143316268921 24
1650992163953 0.66921466588974 25
1650992163957 0.6686160564422607 26
1650992163959 0.6679084300994873 27
1650992163961 0.6672189831733704 28
1650992163963 0.6665807366371155 29
1650992163965 0.6659104824066162 30
1650992163968 0.6651239991188049 31
1650992163977 0.6642747521400452 32
1650992163979 0.6634415984153748 33
1650992163981 0.6625726222991943 34
1650992163983 0.6616111993789673 35
1650992163985 0.6605997681617737 36
1650992163988 0.6595705151557922 37
1650992163990 0.6584510803222656 38
1650992163993 0.6572352647781372 39
1650992163995 0.6559733152389526 40
1650992163998 0.6546374559402466 41
1650992164008 0.6531888842582703 42
1650992164014 0.6516633629798889 43
1650992164016 0.6500316262245178 44
1650992164023 0.6482886075973511 45
1650992164025 0.6464359164237976 46
1650992164027 0.6444541215896606 47
1650992164030 0.6423346996307373 48
1650992164040 0.6400744318962097 49
1650992164051 0.6376474499702454 50
1650992164058 0.6350410580635071 51
1650992164060 0.6322216987609863 52
1650992164063 0.629194438457489 53
1650992164065 0.6259302496910095 54
1650992164073 0.6224135756492615 55
1650992164075 0.6186331510543823 56
1650992164077 0.6147587299346924 57
1650992164080 0.6117132902145386 58
1650992164082 0.6070629954338074 59
1650992164088 0.6018787622451782 60
1650992164092 0.5963289141654968 61
1650992164095 0.5920544862747192 62
1650992164098 0.587028980255127 63
1650992164118 0.5794446468353271 64
1650992164121 0.5734214186668396 65
1650992164127 0.5683001279830933 66
1650992164130 0.5614703297615051 67
1650992164133 0.555881679058075 68
1650992164136 0.5443407297134399 69
1650992164147 0.5352166891098022 70
1650992164149 0.5296036601066589 71
1650992164156 0.5246372818946838 72
1650992164158 0.527130663394928 73
1650992164161 0.49956220388412476 74
1650992164163 0.49881669878959656 75
1650992164165 0.49773159623146057 76
1650992164171 0.4687955975532532 77
1650992164173 0.47684940695762634 78
1650992164175 0.4781871736049652 79
1650992164178 0.43913134932518005 80
1650992164180 0.4662894606590271 81
1650992164183 0.444465309381485 82
1650992164188 0.42291346192359924 83
1650992164190 0.436939001083374 84
1650992164197 0.3912544548511505 85
1650992164200 0.413682222366333 86
1650992164205 0.3757375180721283 87
