1650990285695 0.6881896213734107 1
1650990285697 0.6827332504066356 2
1650990285699 0.6769107829083453 3
1650990285701 0.6677075288234613 4
1650990285703 0.6619269681937529 5
1650990285706 0.6540139295679309 6
1650990285708 0.6404468921514658 7
1650990285710 0.6339600944257044 8
1650990285713 0.63532670600947 9
1650990285715 0.6081374495020716 10
1650990285718 0.6014875904981033 11
1650990285721 0.5891270768511426 12
1650990285723 0.5812831804865882 13
1650990285725 0.5434478717845875 14
1650990285727 0.5269487260025499 15
1650990285730 0.49199247513061917 16
1650990285732 0.46505872452215397 17
1650990285734 0.4374263983069759 18
1650990285737 0.3988219786694635 19
1650990285739 0.38053588061542304 20
1650990285741 0.3619054017704485 21
1650990285743 0.33518044339431513 22
1650990285744 0.3230816573450417 23
1650990285746 0.3290211634758191 24
1650990285747 0.3387988078725207 25
1650990285749 0.31691464476096326 26
1650990285756 0.2697308233806065 27
1650990285800 0.2628617017587899 28
1650990285802 0.2563069400551555 29
1650990285804 0.2683214667515877 30
1650990285806 0.2492240784696607 31
1650990285818 0.2422718163375016 32
1650990285820 0.23768329980609182 33
1650990285822 0.23096247350339924 34
1650990285824 0.22754207411746838 35
1650990285826 0.255721132506381 36
1650990285830 0.26847315511424025 37
1650990285832 0.28085494609106154 38
1650990285834 0.2509828637807797 39
1650990285836 0.24535497411703452 40
1650990285838 0.2903445589018392 41
1650990285840 0.2535691759088537 42
1650990285841 0.306326014654977 43
1650990285843 0.2486075669417888 44
1650990285844 0.21582358125801926 45
1650990285846 0.2063303277606056 46
1650990285848 0.21655047311014308 47
1650990285850 0.22548747597596583 48
1650990285853 0.21433992492846954 49
1650990285855 0.19801213993475988 50
1650990285858 0.20144429262522812 51
1650990285860 0.21440100560694825 52
1650990285862 0.19923084865122925 53
1650990285864 0.20374040518488204 54
1650990285867 0.2105237508103961 55
1650990285869 0.20930741257938273 56
1650990285871 0.18714022903870314 57
1650990285872 0.18910060064259904 58
1650990285874 0.19886429596951594 59
1650990285875 0.20017056598331465 60
1650990285878 0.1922846428858928 61
1650990285879 0.1832617441594819 62
1650990285881 0.18278586040268013 63
1650990285883 0.19312393419690185 64
1650990285885 0.20442327502227964 65
1650990285887 0.18866252113174606 66
1650990285889 0.19721425736780132 67
1650990285891 0.20427525763983254 68
1650990285893 0.1903558740794877 69
1650990285895 0.18418589185227405 70
1650990285897 0.1798137299197934 71
1650990285899 0.17520043177482408 72
1650990285901 0.2012913689945207 73
1650990285903 0.19868940982844804 74
1650990285906 0.22614907115807026 75
1650990285908 0.21795952833179152 76
1650990285910 0.19666505383921193 77
1650990285912 0.17962153588895832 78
1650990285914 0.17577373260980125 79
1650990285915 0.2001045965231382 80
1650990285917 0.1882972859200977 81
1650990285918 0.26746793457003304 82
1650990285920 0.21935001517826822 83
1650990285921 0.1814881790797789 84
1650990285922 0.17035531943097657 85
1650990285924 0.17009977565143572 86
1650990285925 0.19117944231836786 87
1650990285927 0.21139386951268374 88
1650990285928 0.19260094197460145 89
1650990285931 0.17708656333741687 90
1650990285934 0.1721440756713951 91
1650990285936 0.17933837408984538 92
1650990285937 0.17697654413434613 93
