1650989090474 0.6954944535489485 1
1650989090476 0.6933212304289961 2
1650989090477 0.6907788432124771 3
1650989090479 0.6876309946343139 4
1650989090480 0.6856344922994956 5
1650989090481 0.6831893095603356 6
1650989090483 0.6841837877318973 7
1650989090486 0.6781065437819932 8
1650989090488 0.6748458511663444 9
1650989090490 0.6677232795145922 10
1650989090492 0.6594402484404736 11
1650989090494 0.6472170117137196 12
1650989090497 0.6394990909667242 13
1650989090499 0.6072799591791063 14
1650989090501 0.5781077439095075 15
1650989090503 0.5323563178816995 16
1650989090506 0.5088567972838224 17
1650989090508 0.5291629279707815 18
1650989090510 0.4816374844247168 19
1650989090512 0.42398495759282795 20
1650989090515 0.40344094858938084 21
1650989090516 0.37634101117050256 22
1650989090518 0.38550011120436395 23
1650989090519 0.3588209734076545 24
1650989090521 0.3412658204307486 25
1650989090523 0.31815935862370026 26
1650989090524 0.29238172333974105 27
1650989090525 0.27933607607970745 28
1650989090527 0.2841975588501591 29
1650989090528 0.32564815202038805 30
1650989090530 0.27770259288641125 31
1650989090531 0.2589621066282957 32
1650989090533 0.2567850072960277 33
1650989090536 0.2725923098487295 34
1650989090538 0.24067161753500774 35
1650989090540 0.23709082450622168 36
1650989090543 0.24138191582519056 37
1650989090545 0.248712026374244 38
1650989090548 0.2348190174871312 39
1650989090550 0.24357168185405242 40
1650989090553 0.307088016917854 41
1650989090555 0.2757568821693078 42
1650989090557 0.28326271048613955 43
1650989090559 0.22278755957827026 44
1650989090562 0.22253998278916537 45
1650989090564 0.24578021002776457 46
1650989090567 0.21104000083037786 47
1650989090569 0.2173042607394767 48
1650989090571 0.21689696320683965 49
1650989090574 0.19667538318223568 50
1650989090576 0.20671931886192643 51
1650989090578 0.2046338996061912 52
1650989090580 0.19683165558965215 53
1650989090582 0.2569288466221247 54
1650989090585 0.20201054794011097 55
1650989090587 0.18603523321204132 56
1650989090589 0.1917070271003814 57
1650989090591 0.18559071639955263 58
1650989090593 0.20802028968439 59
1650989090596 0.20348225561253755 60
1650989090599 0.18120900320482777 61
1650989090602 0.2057828494917342 62
1650989090604 0.23469659620588953 63
1650989090606 0.24499108634152256 64
1650989090608 0.229671176864114 65
1650989090611 0.24399698615729154 66
1650989090613 0.23380791802546044 67
1650989090615 0.1999946952193648 68
1650989090617 0.1800405110195006 69
1650989090620 0.18112965675937387 70
1650989090622 0.19347149079099243 71
1650989090625 0.18436970078683163 72
1650989090627 0.1803117172294484 73
1650989090629 0.1998040368268778 74
1650989090632 0.20737433166075975 75
1650989090634 0.17847183827078822 76
1650989090636 0.19231449564297995 77
1650989090638 0.1747331536296523 78
1650989090642 0.1751721203327179 79
1650989090644 0.17474012125979413 80
1650989090646 0.16917021774547003 81
1650989090648 0.17483317229773973 82
1650989090651 0.19199996853704418 83
1650989090653 0.1978627752253424 84
1650989090655 0.1841270019719889 85
1650989090656 0.1827461152941316 86
1650989090657 0.2153042299406869 87
1650989090659 0.20755867272506268 88
1650989090660 0.18486887205651392 89
1650989090661 0.19570490696054677 90
1650989090663 0.18758129904340037 91
