1650990551226 0.6916154319550092 1
1650990551228 0.6871853726250785 2
1650990551229 0.681260313524868 3
1650990551231 0.6784135435090397 4
1650990551233 0.6775507446610447 5
1650990551234 0.6693191685519375 6
1650990551236 0.6626502502532232 7
1650990551237 0.6576761793304275 8
1650990551239 0.6574412724037311 9
1650990551240 0.6390051835185879 10
1650990551243 0.638339373873267 11
1650990551244 0.6165280593183887 12
1650990551246 0.5935211321373126 13
1650990551248 0.5664617224927351 14
1650990551250 0.5366016006295061 15
1650990551252 0.5170454607778416 16
1650990551254 0.46997101795979035 17
1650990551257 0.45816089338435356 18
1650990551259 0.4003134058727013 19
1650990551261 0.3793332525443681 20
1650990551263 0.37130271951794186 21
1650990551266 0.3668327591358087 22
1650990551268 0.30628776986957035 23
1650990551270 0.2920456420589279 24
1650990551273 0.2759011455507942 25
1650990551275 0.266200595941299 26
1650990551277 0.2914554795502743 27
1650990551279 0.27143398036450256 28
1650990551281 0.28594302912771485 29
1650990551283 0.24570907450420953 30
1650990551285 0.23104070443591793 31
1650990551287 0.2232476640970279 32
1650990551289 0.2361219069569102 33
1650990551290 0.24355122392430847 34
1650990551291 0.23125109944369768 35
1650990551293 0.23272022293819175 36
1650990551294 0.22861954935522744 37
1650990551295 0.22379063413693354 38
1650990551297 0.20884300195253813 39
1650990551298 0.23834657538068163 40
1650990551300 0.23460553406359075 41
1650990551302 0.2478804031025359 42
1650990551305 0.278973000390189 43
1650990551308 0.24085908767941233 44
1650990551310 0.2633433456058467 45
1650990551312 0.2368977882595726 46
1650990551315 0.21133560269743532 47
1650990551318 0.19126562217434684 48
1650990551321 0.19849599543071927 49
1650990551323 0.1915418946153515 50
1650990551325 0.1937690310644143 51
1650990551328 0.19964452333502716 52
1650990551330 0.18770520787536008 53
1650990551333 0.17819218834241232 54
1650990551335 0.18272983258242134 55
1650990551337 0.20517035794782115 56
1650990551339 0.21501674756898984 57
1650990551341 0.25539747917608463 58
1650990551344 0.22000420568408546 59
1650990551346 0.18411567070326962 60
1650990551348 0.18777992715547373 61
1650990551353 0.17758927715348674 62
1650990551363 0.1808815035737041 63
1650990551365 0.1872276741288084 64
1650990551368 0.18720652839858018 65
1650990551370 0.1794722231425645 66
1650990551372 0.19540256174492748 67
1650990551381 0.17145273023909266 68
1650990551385 0.18385968731218205 69
1650990551390 0.18791059320007925 70
1650990551394 0.18712769609777044 71
1650990551397 0.20273876452183986 72
1650990551400 0.16947628688681257 73
1650990551402 0.17051629481953143 74
1650990551406 0.1691549246782785 75
1650990551408 0.19094831662955303 76
1650990551410 0.2026553588472443 77
1650990551412 0.20355312826432587 78
1650990551415 0.16672813987884766 79
1650990551416 0.16447811822096506 80
1650990551418 0.1623454097753916 81
1650990551420 0.16350951943642053 82
1650990551421 0.16235143726780302 83
1650990551423 0.1652940245338412 84
1650990551424 0.1652309734633554 85
