1650992111163 0.6803717017173767 1
1650992111166 0.6810917258262634 2
1650992111168 0.677750825881958 3
1650992111170 0.6782639622688293 4
1650992111193 0.6769229173660278 5
1650992111196 0.6754551529884338 6
1650992111220 0.6751452684402466 7
1650992111224 0.6745424866676331 8
1650992111227 0.6733343005180359 9
1650992111229 0.672410249710083 10
1650992111236 0.6719005703926086 11
1650992111240 0.6711300015449524 12
1650992111242 0.6700624823570251 13
1650992111245 0.6691528558731079 14
1650992111248 0.668423593044281 15
1650992111250 0.6675237417221069 16
1650992111253 0.6664503812789917 17
1650992111261 0.6655089855194092 18
1650992111263 0.6646116971969604 19
1650992111265 0.6635280847549438 20
1650992111267 0.6623783707618713 21
1650992111269 0.6613055467605591 22
1650992111271 0.6601439714431763 23
1650992111273 0.6588091850280762 24
1650992111275 0.6576087474822998 25
1650992111277 0.6562315225601196 26
1650992111279 0.6547978520393372 27
1650992111281 0.6533695459365845 28
1650992111283 0.6518653035163879 29
1650992111285 0.6502635478973389 30
1650992111287 0.6486246585845947 31
1650992111291 0.646905779838562 32
1650992111293 0.6451109051704407 33
1650992111296 0.6432445645332336 34
1650992111298 0.6412848830223083 35
1650992111300 0.6392661333084106 36
1650992111303 0.6371530890464783 37
1650992111305 0.6349586248397827 38
1650992111308 0.6326752305030823 39
1650992111322 0.6303075551986694 40
1650992111324 0.6278501749038696 41
1650992111326 0.6253021955490112 42
1650992111328 0.6226645708084106 43
1650992111330 0.6199349164962769 44
1650992111344 0.6171179413795471 45
1650992111349 0.6142057776451111 46
1650992111353 0.6111921668052673 47
1650992111356 0.6080979108810425 48
1650992111358 0.6049128770828247 49
1650992111362 0.6016294360160828 50
1650992111365 0.5982698202133179 51
1650992111367 0.5948269367218018 52
1650992111407 0.5912947654724121 53
1650992111410 0.5876905918121338 54
1650992111412 0.5840032696723938 55
1650992111415 0.5802584290504456 56
1650992111418 0.5764724612236023 57
1650992111420 0.5726761221885681 58
1650992111424 0.5689610242843628 59
1650992111427 0.565470278263092 60
1650992111430 0.5621592402458191 61
1650992111433 0.5582115054130554 62
1650992111435 0.5537041425704956 63
1650992111439 0.5502111911773682 64
1650992111441 0.5472235679626465 65
1650992111444 0.5433083176612854 66
1650992111446 0.5390062928199768 67
1650992111456 0.5355270504951477 68
1650992111459 0.5324500203132629 69
1650992111461 0.528779923915863 70
1650992111463 0.5245029330253601 71
1650992111465 0.5207221508026123 72
1650992111471 0.5175414085388184 73
1650992111473 0.514256477355957 74
1650992111475 0.5104191899299622 75
1650992111478 0.5062695145606995 76
1650992111490 0.5024951696395874 77
1650992111493 0.49920085072517395 78
1650992111496 0.49611949920654297 79
1650992111507 0.4930618703365326 80
1650992111511 0.48946061730384827 81
1650992111517 0.4853214919567108 82
1650992111522 0.48123180866241455 83
1650992111525 0.47790107131004333 84
1650992111531 0.4751052260398865 85
1650992111534 0.47227421402931213 86
1650992111536 0.4689432382583618 87
1650992111573 0.464991956949234 88
1650992111577 0.4610268175601959 89
1650992111579 0.45767295360565186 90
1650992111587 0.454897940158844 91
1650992111592 0.45240211486816406 92
1650992111606 0.4497614800930023 93
1650992111609 0.44654640555381775 94
1650992111612 0.44255688786506653 95
1650992111615 0.43869078159332275 96
1650992111618 0.43570950627326965 97
1650992111623 0.43340611457824707 98
1650992111626 0.43132278323173523 99
1650992111629 0.4286867678165436 100
