1650996707697 0.6909910698076744 1
1650996707699 0.6925858276667612 2
1650996707702 0.6854657779683123 3
1650996707704 0.6898839187709404 4
1650996707706 0.6821165803151253 5
1650996707708 0.6797377469338777 6
1650996707710 0.67746359481043 7
1650996707713 0.6729765407768361 8
1650996707716 0.6672372828909766 9
1650996707718 0.6648479440273383 10
1650996707720 0.6551949921108428 11
1650996707722 0.654671807428856 12
1650996707725 0.6434650126394335 13
1650996707727 0.6309863307100513 14
1650996707729 0.6195885846903036 15
1650996707731 0.6178879347039666 16
1650996707736 0.607098978081029 17
1650996707738 0.594681380432604 18
1650996707740 0.5824783007740538 19
1650996707741 0.5797511483286764 20
1650996707742 0.5721050177738344 21
1650996707744 0.5526477273130591 22
1650996707745 0.549977836154756 23
1650996707747 0.5396735148552136 24
1650996707748 0.5416141370713929 25
1650996707751 0.5222294107898251 26
1650996707753 0.507597858215863 27
1650996707755 0.4881367695418906 28
1650996707758 0.47659745790582875 29
1650996707760 0.4637786735108484 30
1650996707762 0.4549406527817904 31
1650996707764 0.4560910319233989 32
1650996707766 0.4348166662476438 33
1650996707769 0.42948771167150784 34
1650996707771 0.4172742660447355 35
1650996707773 0.4102451347169422 36
1650996707776 0.401800111864076 37
1650996707778 0.3972480620220031 38
1650996707780 0.4015317146594708 39
1650996707783 0.3850006618342557 40
1650996707785 0.3859380379919604 41
1650996707787 0.38346567378812657 42
1650996707790 0.3631739588010879 43
1650996707792 0.3588091457064772 44
1650996707794 0.3572462121427277 45
1650996707796 0.3458088300166986 46
1650996707799 0.34895640775397585 47
1650996707801 0.35108693932002283 48
1650996707803 0.34375036712531204 49
1650996707805 0.33619277839695577 50
1650996707808 0.32763099113663474 51
1650996707813 0.32909921477565834 52
1650996707828 0.3190589958713168 53
1650996707830 0.3178164866162744 54
1650996707833 0.314485890961392 55
1650996707835 0.31072850672753305 56
1650996707837 0.31735067260571015 57
1650996707839 0.3026791125426799 58
1650996707840 0.32506869989873727 59
1650996707842 0.3040702297137334 60
1650996707845 0.3106264570257166 61
1650996707847 0.2961118144866748 62
1650996707849 0.2940180628072648 63
1650996707853 0.31847486445755313 64
1650996707857 0.34021252415555736 65
1650996707861 0.2912418994056436 66
1650996707868 0.28485360523283265 67
1650996707871 0.2965074311464261 68
1650996707874 0.2890662683562918 69
1650996707876 0.27585756816925144 70
1650996707879 0.28334918443536583 71
1650996707881 0.27947844908787656 72
1650996707883 0.27113102256378413 73
1650996707886 0.27112310911927906 74
1650996707887 0.26592909536518894 75
1650996707889 0.27415689678637534 76
1650996707891 0.269019447403513 77
1650996707892 0.26978813586654243 78
1650996707894 0.27946130489255044 79
1650996707896 0.2995468157005834 80
1650996707898 0.2702959255748616 81
1650996707973 0.2566051533370664 82
1650996707974 0.2532443677112733 83
1650996707977 0.2566001267878564 84
1650996707979 0.25488098729879427 85
1650996707981 0.29921670034254866 86
1650996707984 0.2910500434073773 87
1650996707986 0.2573411509449229 88
1650996707988 0.24887985908068144 89
1650996707990 0.2510095518150609 90
1650996707992 0.2851677676696917 91
1650996707995 0.28020877093622537 92
1650996707997 0.2654615635181958 93
1650996708000 0.27491216689020725 94
1650996708002 0.2615292127970811 95
1650996708006 0.2532508196411552 96
1650996708017 0.25634884725123536 97
1650996708018 0.2503494995854276 98
1650996708019 0.25916112402638236 99
1650996708021 0.23853088036561623 100
1650996708022 0.23997250608690493 101
1650996708024 0.23699097886626974 102
1650996708025 0.24131943520172175 103
1650996708026 0.25667846301099756 104
1650996708028 0.27425571020706235 105
1650996708030 0.24390018706793312 106
