1650991860328 0.6860090494155884 1
1650991860331 0.6836974620819092 2
1650991860335 0.6821322441101074 3
1650991860337 0.6790092587471008 4
1650991860340 0.6790453791618347 5
1650991860343 0.6794976592063904 6
1650991860345 0.6785663962364197 7
1650991860347 0.6771340370178223 8
1650991860350 0.676362156867981 9
1650991860352 0.6762458086013794 10
1650991860355 0.6759739518165588 11
1650991860358 0.6751877069473267 12
1650991860360 0.6742779612541199 13
1650991860363 0.6736870408058167 14
1650991860378 0.6733717918395996 15
1650991860380 0.6729736924171448 16
1650991860382 0.6722531318664551 17
1650991860385 0.6714619398117065 18
1650991860387 0.6708243489265442 19
1650991860390 0.6703178286552429 20
1650991860392 0.669717013835907 21
1650991860395 0.6689642667770386 22
1650991860397 0.6681827306747437 23
1650991860403 0.6675034761428833 24
1650991860406 0.6668473482131958 25
1650991860408 0.6660521030426025 26
1650991860413 0.6651602983474731 27
1650991860419 0.6642884612083435 28
1650991860423 0.6634300351142883 29
1650991860435 0.6625078916549683 30
1650991860439 0.6614913940429688 31
1650991860441 0.6604763865470886 32
1650991860463 0.6594257950782776 33
1650991860466 0.6582856774330139 34
1650991860468 0.6570777893066406 35
1650991860471 0.6558391451835632 36
1650991860473 0.6545378565788269 37
1650991860476 0.6531391143798828 38
1650991860480 0.6516904234886169 39
1650991860501 0.6501635909080505 40
1650991860504 0.6485384106636047 41
1650991860506 0.6468365788459778 42
1650991860508 0.6450416445732117 43
1650991860510 0.643147885799408 44
1650991860516 0.6411664485931396 45
1650991860519 0.6390550136566162 46
1650991860521 0.636847198009491 47
1650991860523 0.6344910264015198 48
1650991860529 0.6320160031318665 49
1650991860532 0.6294117569923401 50
1650991860537 0.6266782283782959 51
1650991860539 0.6237698793411255 52
1650991860544 0.6207173466682434 53
1650991860546 0.6174806952476501 54
1650991860557 0.6140580177307129 55
1650991860559 0.6104328632354736 56
1650991860562 0.6065828204154968 57
1650991860564 0.6025004386901855 58
1650991860570 0.59813392162323 59
1650991860574 0.5934909582138062 60
1650991860579 0.5885882377624512 61
1650991860582 0.5834764242172241 62
1650991860584 0.5793864727020264 63
1650991860588 0.5825303196907043 64
1650991860591 0.5706142783164978 65
1650991860596 0.5653488636016846 66
1650991860598 0.5616171956062317 67
1650991860607 0.5512934923171997 68
1650991860616 0.5558203458786011 69
1650991860628 0.5517223477363586 70
1650991860655 0.5373858213424683 71
1650991860684 0.5461459755897522 72
1650991860770 0.5231080055236816 73
1650991860774 0.5269976258277893 74
1650991860777 0.5097927451133728 75
1650991860780 0.5113988518714905 76
1650991860784 0.49670225381851196 77
1650991860787 0.4932835102081299 78
1650991860789 0.4840680956840515 79
1650991860791 0.4705849289894104 80
1650991860793 0.46766963601112366 81
1650991860795 0.4547789692878723 82
1650991860798 0.440887987613678 83
1650991860800 0.42911773920059204 84
1650991860803 0.4209108352661133 85
1650991860805 0.42560046911239624 86
1650991860808 0.4366105794906616 87
1650991860811 0.4420933425426483 88
1650991860817 0.3750406801700592 89
1650991860820 0.43024343252182007 90
1650991860822 0.3895602822303772 91
1650991860823 0.3745638430118561 92
1650991860826 0.3903660476207733 93
1650991860828 0.33588704466819763 94
