1651001875738 0.6969714164733887 1
1651001875741 0.6816732287406921 2
1651001875743 0.6808755993843079 3
1651001875746 0.6827157139778137 4
1651001875748 0.6824274659156799 5
1651001875750 0.6808608174324036 6
1651001875753 0.679577112197876 7
1651001875755 0.6787283420562744 8
1651001875756 0.6784895658493042 9
1651001875758 0.6786227822303772 10
1651001875760 0.6787700653076172 11
1651001875762 0.6786811947822571 12
1651001875763 0.6783460378646851 13
1651001875765 0.67784184217453 14
1651001875766 0.6773043274879456 15
1651001875768 0.6768515110015869 16
1651001875770 0.676535964012146 17
1651001875772 0.6763406991958618 18
1651001875773 0.6761959791183472 19
1651001875774 0.6760193705558777 20
1651001875776 0.675702691078186 21
1651001875777 0.675395667552948 22
1651001875779 0.6750548481941223 23
1651001875780 0.6747093796730042 24
1651001875782 0.6744071245193481 25
1651001875783 0.6741536855697632 26
1651001875784 0.6739248037338257 27
1651001875786 0.6736658811569214 28
1651001875787 0.673335611820221 29
1651001875788 0.6729738116264343 30
1651001875790 0.67259281873703 31
1651001875792 0.6722050309181213 32
1651001875794 0.6718202233314514 33
1651001875797 0.671440601348877 34
1651001875799 0.6710370182991028 35
1651001875801 0.6706227660179138 36
1651001875804 0.6701868176460266 37
1651001875806 0.6697249412536621 38
1651001875809 0.6692588925361633 39
1651001875812 0.6687818765640259 40
1651001875815 0.6682714223861694 41
1651001875818 0.6677363514900208 42
1651001875821 0.66716468334198 43
1651001875823 0.6665602922439575 44
1651001875826 0.6659349203109741 45
1651001875828 0.6652997136116028 46
1651001875830 0.6646223664283752 47
1651001875832 0.6639103889465332 48
1651001875835 0.6631735563278198 49
1651001875837 0.6624104380607605 50
1651001875839 0.661607563495636 51
1651001875842 0.6607572436332703 52
1651001875844 0.6598697900772095 53
1651001875847 0.6589512228965759 54
1651001875849 0.6579959988594055 55
1651001875851 0.656994104385376 56
1651001875854 0.6559342741966248 57
1651001875856 0.6548435688018799 58
1651001875858 0.653704047203064 59
1651001875860 0.6525029540061951 60
1651001875862 0.6512553691864014 61
1651001875864 0.6499571204185486 62
1651001875866 0.6486057043075562 63
1651001875868 0.647199809551239 64
1651001875871 0.6457421183586121 65
1651001875873 0.6442232728004456 66
1651001875875 0.6426491141319275 67
1651001875877 0.6410172581672668 68
1651001875880 0.639329195022583 69
1651001875882 0.6375773549079895 70
1651001875884 0.6357643604278564 71
1651001875886 0.6338929533958435 72
1651001875889 0.6319557428359985 73
1651001875891 0.6299434900283813 74
1651001875893 0.6278674006462097 75
1651001875896 0.6257228255271912 76
1651001875898 0.6235003471374512 77
1651001875900 0.6212185621261597 78
1651001875903 0.6188615560531616 79
1651001875905 0.6164457201957703 80
1651001875907 0.6139267086982727 81
1651001875909 0.6113208532333374 82
1651001875911 0.608615517616272 83
1651001875913 0.6058429479598999 84
1651001875916 0.6029616594314575 85
1651001875918 0.5999753475189209 86
1651001875919 0.5968834757804871 87
1651001875921 0.5937553644180298 88
1651001875923 0.591532289981842 89
1651001875925 0.593755304813385 90
1651001875928 0.5869804620742798 91
1651001875929 0.5851023197174072 92
1651001875931 0.5803759694099426 93
1651001875934 0.5781452059745789 94
1651001875935 0.5734322667121887 95
1651001875938 0.5714642405509949 96
