1650995276803 0.6937377380800771 1
1650995276806 0.688379936602526 2
1650995276808 0.6858413573149796 3
1650995276811 0.6854466837404412 4
1650995276813 0.6824155460783851 5
1650995276818 0.6895820194984967 6
1650995276820 0.6787254668417431 7
1650995276823 0.6783060625795916 8
1650995276825 0.6733749384408468 9
1650995276830 0.6682098486047962 10
1650995276833 0.6719457762581962 11
1650995276835 0.6656949094363621 12
1650995276837 0.6565926007298759 13
1650995276839 0.6486122409502665 14
1650995276841 0.6413435802791582 15
1650995276844 0.6304948615940499 16
1650995276846 0.611188469788967 17
1650995276849 0.5884483325612414 18
1650995276851 0.5202401726892143 19
1650995276854 0.5224053202531277 20
1650995276856 0.39000024867581795 21
1650995276862 0.24842530341593774 22
1650995276866 0.1618664815967336 23
1650995276869 0.13616617979147497 24
1650995276873 0.1291160849861173 25
1650995276875 0.1754817566919676 26
1650995276877 0.15012910318025302 27
1650995276889 0.1310063157326136 28
1650995276892 0.11525371812638782 29
1650995276894 0.11855041969826807 30
1650995276897 0.12113376327486702 31
1650995276899 0.11716925519289988 32
1650995276901 0.1552693934449346 33
1650995276905 0.14510402192562927 34
1650995276907 0.13309082508960488 35
1650995276910 0.13915898779154698 36
1650995276913 0.12196994515565726 37
1650995276915 0.13018125874218922 38
1650995276917 0.12074304819652885 39
1650995276919 0.12014407268810622 40
1650995276921 0.13186401914764237 41
1650995276923 0.12353761870782454 42
1650995276925 0.11637681400601244 43
1650995276927 0.11280096679816752 44
1650995276929 0.11329447775533348 45
1650995276931 0.11729142978623673 46
1650995276933 0.11489683504288013 47
1650995276935 0.10827461856625456 48
1650995276939 0.11205716780472151 49
1650995276941 0.11087526097184136 50
1650995276943 0.11832721837055989 51
1650995276948 0.11246933539708455 52
1650995276950 0.1105730434804609 53
1650995276952 0.11407128260249183 54
1650995276953 0.10651699680111784 55
1650995276955 0.10833281251318726 56
1650995276957 0.1076887784860073 57
1650995276959 0.13751155929469364 58
1650995276963 0.14576631211317503 59
1650995276966 0.1286274155281184 60
1650995276968 0.12949380177608777 61
1650995276971 0.12357854821306445 62
1650995276973 0.10511304612779793 63
1650995276975 0.10875310849794101 64
1650995276977 0.10826081107796985 65
1650995276979 0.11815987734785884 66
1650995276981 0.10695598975861029 67
1650995276983 0.11283651100737709 68
1650995276985 0.11704811391048815 69
1650995276987 0.10665190245123791 70
1650995276993 0.11321586596987623 71
1650995276995 0.10427489785320593 72
1650995276997 0.10452991325558324 73
1650995276999 0.10441120241806184 74
1650995277001 0.10326508795603728 75
1650995277003 0.10488770810730291 76
1650995277005 0.11819619071352613 77
1650995277006 0.12997451768471643 78
1650995277008 0.12537006329704117 79
1650995277020 0.11729700271135722 80
1650995277022 0.10941867574012323 81
1650995277024 0.10701377575214092 82
1650995277025 0.11134208389472612 83
1650995277027 0.11962704851732149 84
1650995277029 0.11237856723886706 85
1650995277030 0.10215135819309361 86
