1650987378740 0.6990772551232642 1
1650987378742 0.6927959333845984 2
1650987378744 0.6881309177849319 3
1650987378746 0.6863554672443823 4
1650987378747 0.683542536073552 5
1650987378748 0.6813272888407166 6
1650987378749 0.6783751181630424 7
1650987378751 0.6752876521466853 8
1650987378752 0.6700584408127781 9
1650987378754 0.6667307113116477 10
1650987378755 0.6629500094350878 11
1650987378756 0.6571044443727849 12
1650987378757 0.6458524830175407 13
1650987378758 0.6372741233734858 14
1650987378760 0.6239245715158763 15
1650987378761 0.6348580792273357 16
1650987378762 0.6438572037787664 17
1650987378763 0.6167141094312563 18
1650987378765 0.601062535366296 19
1650987378766 0.5842530183739715 20
1650987378767 0.5779852469762167 21
1650987378768 0.5572369482927707 22
1650987378770 0.537878169244899 23
1650987378771 0.5117497393936464 24
1650987378773 0.4846005846947541 25
1650987378775 0.46731259119816315 26
1650987378776 0.44065313297750314 27
1650987378779 0.43678764349375016 28
1650987378780 0.38841310088887754 29
1650987378782 0.3770238208028423 30
1650987378784 0.3509784000260489 31
1650987378786 0.33461972503435045 32
1650987378789 0.3358408027079516 33
1650987378791 0.3361747673142961 34
1650987378792 0.33001222355025156 35
1650987378794 0.3080287768399759 36
1650987378795 0.30711314224061514 37
1650987378797 0.29294272787841685 38
1650987378798 0.2737566731024138 39
1650987378800 0.2902623340214565 40
1650987378802 0.2712939625039642 41
1650987378804 0.25307676660053896 42
1650987378806 0.2527231019495171 43
1650987378808 0.2683660687107743 44
1650987378810 0.2448798003760013 45
1650987378812 0.23884430729644202 46
1650987378813 0.23142086007656196 47
1650987378815 0.2568331642465277 48
1650987378816 0.23043057191502916 49
1650987378817 0.22892362485220144 50
1650987378819 0.2227879422597396 51
1650987378820 0.21705804475934515 52
1650987378822 0.2561108752703055 53
1650987378824 0.223155656959111 54
1650987378826 0.21389706683901202 55
1650987378828 0.20991620688866347 56
1650987378830 0.21480869952138965 57
1650987378832 0.19966404347411004 58
1650987378834 0.2027564870787191 59
1650987378836 0.22026678319379087 60
1650987378837 0.2573703389901381 61
1650987378839 0.21377733589965345 62
1650987378840 0.2372184245140998 63
1650987378842 0.25895361542265055 64
1650987378844 0.2178515245517095 65
1650987378846 0.1998507579167684 66
1650987378847 0.19507194324072463 67
1650987378849 0.1914834331025134 68
1650987378850 0.1880088874817768 69
1650987378852 0.19415685146937878 70
1650987378853 0.19275711536844134 71
1650987378854 0.18832506561453963 72
1650987378856 0.19162480685955438 73
1650987378857 0.1954647713091784 74
1650987378859 0.20092886205994603 75
1650987378860 0.19366983354309977 76
1650987378862 0.1846128102296438 77
1650987378863 0.18234031655631222 78
1650987378864 0.19594732917599625 79
1650987378865 0.19081282446454295 80
1650987378867 0.1791638971030057 81
1650987378868 0.17938639299991804 82
1650987378869 0.18518982189042227 83
1650987378870 0.1838576396306356 84
1650987378872 0.17393654672217457 85
1650987378873 0.17729439933003086 86
1650987378875 0.1774068152729845 87
1650987378876 0.18646004992526966 88
1650987378878 0.18460069165561663 89
1650987378879 0.21095123614147032 90
1650987378881 0.1914827836738838 91
1650987378882 0.2011976474589044 92
1650987378883 0.21366282473335335 93
1650987378885 0.20402910333850008 94
1650987378886 0.20687350630760193 95
1650987378887 0.1840214701471748 96
1650987378889 0.18010272691538046 97
1650987378890 0.1866228644336973 98
