1650991903846 0.6858965158462524 1
1650991903849 0.6865098476409912 2
1650991903852 0.6825554370880127 3
1650991903854 0.6784818172454834 4
1650991903856 0.6792566776275635 5
1650991903859 0.6800301671028137 6
1650991903862 0.6784769296646118 7
1650991903864 0.6764667630195618 8
1650991903867 0.6757410168647766 9
1650991903870 0.6758812069892883 10
1650991903873 0.6756380796432495 11
1650991903875 0.6746059060096741 12
1650991903878 0.673416256904602 13
1650991903882 0.6727446913719177 14
1650991903888 0.6724721789360046 15
1650991903890 0.6721001267433167 16
1650991903893 0.6713749170303345 17
1650991903913 0.6704710721969604 18
1650991903922 0.6697434186935425 19
1650991903955 0.6692382097244263 20
1650991903957 0.6687109470367432 21
1650991903977 0.6679612994194031 22
1650991903979 0.6671310663223267 23
1650991904005 0.6663967967033386 24
1650991904008 0.6657550930976868 25
1650991904025 0.6650402545928955 26
1650991904027 0.6642333269119263 27
1650991904036 0.663339376449585 28
1650991904047 0.6625061631202698 29
1650991904051 0.6616624593734741 30
1650991904053 0.6607192754745483 31
1650991904055 0.6596986651420593 32
1650991904058 0.6587150692939758 33
1650991904062 0.6577165126800537 34
1650991904064 0.6566020846366882 35
1650991904066 0.6554019451141357 36
1650991904069 0.6542390584945679 37
1650991904072 0.6530382037162781 38
1650991904083 0.6517128944396973 39
1650991904089 0.6503657698631287 40
1650991904095 0.6489869952201843 41
1650991904099 0.6474888324737549 42
1650991904103 0.645942211151123 43
1650991904110 0.6443433165550232 44
1650991904116 0.64264976978302 45
1650991904120 0.6408969163894653 46
1650991904122 0.6390556693077087 47
1650991904124 0.6371380686759949 48
1650991904127 0.6351332068443298 49
1650991904132 0.6330354809761047 50
1650991904134 0.6308534145355225 51
1650991904137 0.6285719275474548 52
1650991904146 0.626191258430481 53
1650991904149 0.6237053275108337 54
1650991904160 0.6211041808128357 55
1650991904173 0.6183951497077942 56
1650991904176 0.6155819296836853 57
1650991904178 0.6126506924629211 58
1650991904180 0.6095840334892273 59
1650991904182 0.6063932180404663 60
1650991904184 0.6030681133270264 61
1650991904186 0.5996061563491821 62
1650991904193 0.595989465713501 63
1650991904196 0.592222273349762 64
1650991904199 0.5882884860038757 65
1650991904202 0.5841858386993408 66
1650991904206 0.5798951983451843 67
1650991904208 0.5755277872085571 68
1650991904211 0.5720545649528503 69
1650991904215 0.5719940066337585 70
1650991904218 0.572028636932373 71
1650991904224 0.5584270358085632 72
1650991904227 0.5625705122947693 73
1650991904230 0.5510802865028381 74
1650991904232 0.5523050427436829 75
1650991904253 0.543040931224823 76
1650991904255 0.5416578650474548 77
1650991904258 0.5355473160743713 78
1650991904260 0.5306397080421448 79
1650991904264 0.5267413854598999 80
1650991904268 0.5182144045829773 81
1650991904270 0.5176867842674255 82
1650991904272 0.5077084302902222 83
1650991904274 0.5019549131393433 84
1650991904276 0.49923959374427795 85
1650991904281 0.4877871870994568 86
1650991904284 0.47990646958351135 87
1650991904287 0.4755805730819702 88
1650991904302 0.47118306159973145 89
1650991904309 0.48140084743499756 90
1650991904311 0.4626619219779968 91
1650991904320 0.44021138548851013 92
1650991904325 0.44361722469329834 93
1650991904327 0.44723042845726013 94
1650991904330 0.44106122851371765 95
1650991904333 0.40734729170799255 96
