1650988122908 0.6940617043893416 1
1650988122910 0.687554562484825 2
1650988122913 0.6831160299070589 3
1650988122934 0.6809698382576743 4
1650988122937 0.6724650257236355 5
1650988122939 0.6626867669405955 6
1650988122940 0.6435007383098532 7
1650988122941 0.6065102475030082 8
1650988122943 0.5516117516454759 9
1650988122944 0.4456588125927544 10
1650988122947 0.31620080927352767 11
1650988122951 0.21360743526137355 12
1650988122956 0.19291920032038357 13
1650988122969 0.1555466869156876 14
1650988122972 0.13911029008718637 15
1650988122974 0.1338448043871712 16
1650988122978 0.13609187294057 17
1650988122981 0.1554503437309038 18
1650988122988 0.14333795354916498 19
1650988122990 0.15754881277407481 20
1650988122992 0.13722787366245257 21
1650988122997 0.1388666848942037 22
1650988123000 0.1300423611705993 23
1650988123003 0.13040273966806712 24
1650988123005 0.13252002593034354 25
1650988123008 0.13706313373841644 26
1650988123012 0.15173904843382782 27
1650988123014 0.14839018575656107 28
1650988123018 0.1322157059014935 29
1650988123021 0.12080732277243128 30
1650988123023 0.12066521951348791 31
1650988123025 0.12303710687946487 32
1650988123026 0.11839638852374458 33
1650988123027 0.12219752889849764 34
1650988123030 0.11918671707530598 35
1650988123031 0.13364860655623914 36
1650988123034 0.1429871462094478 37
1650988123037 0.11581223733695872 38
1650988123040 0.11968577579482571 39
1650988123042 0.13422527145116758 40
1650988123044 0.13737238845327399 41
1650988123047 0.12452512900362085 42
1650988123055 0.11288260791327927 43
1650988123058 0.12071295530149788 44
1650988123063 0.11898834059089967 45
1650988123069 0.12164171583159065 46
1650988123075 0.11819866734928701 47
1650988123078 0.11450948192304744 48
1650988123083 0.12627461293350645 49
1650988123086 0.11279615598829675 50
1650988123089 0.12612362934665367 51
1650988123091 0.13089554322944894 52
1650988123095 0.1287528695095153 53
1650988123106 0.11169111226504538 54
1650988123108 0.13577381485984438 55
1650988123113 0.14270856354262804 56
1650988123115 0.1513364140367333 57
1650988123118 0.1286088365229058 58
1650988123120 0.129490118541997 59
1650988123121 0.11298270373444855 60
1650988123122 0.11211421256100301 61
1650988123124 0.10986746481923393 62
1650988123125 0.11051309187879492 63
1650988123127 0.11446432841621039 64
1650988123129 0.11336878133125794 65
1650988123131 0.10866763070225716 66
1650988123133 0.11517406650733598 67
1650988123135 0.11441731332859277 68
1650988123137 0.11807340678277907 69
1650988123139 0.1416416475515226 70
1650988123141 0.11058775878651238 71
1650988123143 0.1071531186119104 72
1650988123145 0.13168153155854334 73
1650988123147 0.1089857484558563 74
1650988123150 0.10374457077993142 75
1650988123153 0.10516704311901397 76
1650988123156 0.10541929920023177 77
1650988123158 0.1036571455853326 78
