1651001716542 0.6908819079399109 1
1651001716544 0.6804893016815186 2
1651001716546 0.6796393990516663 3
1651001716549 0.6803980469703674 4
1651001716551 0.6802724003791809 5
1651001716553 0.6793301701545715 6
1651001716555 0.6783930063247681 7
1651001716558 0.6778895258903503 8
1651001716560 0.677766740322113 9
1651001716563 0.6777286529541016 10
1651001716565 0.6777505278587341 11
1651001716567 0.6774196028709412 12
1651001716570 0.6769086122512817 13
1651001716572 0.6763707399368286 14
1651001716575 0.6759673953056335 15
1651001716577 0.6756700873374939 16
1651001716579 0.675454318523407 17
1651001716581 0.6752188801765442 18
1651001716583 0.6749072670936584 19
1651001716585 0.6745315194129944 20
1651001716587 0.6741463541984558 21
1651001716589 0.6737977862358093 22
1651001716591 0.6734795570373535 23
1651001716594 0.6731700897216797 24
1651001716596 0.6728063225746155 25
1651001716599 0.6723953485488892 26
1651001716601 0.6719473004341125 27
1651001716604 0.67148756980896 28
1651001716606 0.6710308790206909 29
1651001716608 0.6705502271652222 30
1651001716611 0.6700541377067566 31
1651001716613 0.6695300340652466 32
1651001716616 0.6689658164978027 33
1651001716618 0.6684173941612244 34
1651001716620 0.66783607006073 35
1651001716623 0.667206346988678 36
1651001716626 0.6665458679199219 37
1651001716628 0.6658650636672974 38
1651001716630 0.665102481842041 39
1651001716632 0.6643271446228027 40
1651001716635 0.6635032892227173 41
1651001716637 0.6626455187797546 42
1651001716639 0.6617384552955627 43
1651001716642 0.6607717871665955 44
1651001716645 0.6597371697425842 45
1651001716659 0.6586664319038391 46
1651001716662 0.6575290560722351 47
1651001716680 0.6563184261322021 48
1651001716682 0.655023455619812 49
1651001716691 0.6536589860916138 50
1651001716699 0.652202308177948 51
1651001716707 0.6506311297416687 52
1651001716710 0.6489014625549316 53
1651001716713 0.6470938324928284 54
1651001716715 0.6452024579048157 55
1651001716718 0.6431585550308228 56
1651001716723 0.6409683227539062 57
1651001716725 0.638601541519165 58
1651001716727 0.636049211025238 59
1651001716729 0.6332800984382629 60
1651001716730 0.6302585005760193 61
1651001716733 0.6269654631614685 62
1651001716735 0.6233686804771423 63
1651001716738 0.6194661855697632 64
1651001716744 0.6156469583511353 65
1651001716747 0.6149821281433105 66
1651001716749 0.6203540563583374 67
1651001716752 0.6110312938690186 68
1651001716755 0.6036985516548157 69
1651001716757 0.6032130718231201 70
1651001716761 0.5907012820243835 71
1651001716762 0.5934031009674072 72
1651001716764 0.5822567939758301 73
1651001716772 0.5801929831504822 74
1651001716778 0.5699834227561951 75
1651001716780 0.5660994052886963 76
1651001716783 0.5575973987579346 77
1651001716789 0.5513839721679688 78
1651001716795 0.5407578349113464 79
1651001716799 0.5342310070991516 80
1651001716814 0.5221802592277527 81
1651001716816 0.5124297142028809 82
1651001716819 0.505613386631012 83
1651001716825 0.49886247515678406 84
1651001716830 0.5264250636100769 85
1651001716833 0.4711167812347412 86
1651001716836 0.4910142421722412 87
