1650991865223 0.6917702555656433 1
1650991865225 0.678916335105896 2
1650991865238 0.6811604499816895 3
1650991865246 0.6815198659896851 4
1650991865253 0.679323136806488 5
1650991865255 0.677262008190155 6
1650991865257 0.6766393780708313 7
1650991865261 0.6768627166748047 8
1650991865263 0.6770339608192444 9
1650991865265 0.6763579249382019 10
1650991865268 0.675296425819397 11
1650991865272 0.6743980050086975 12
1650991865274 0.673943281173706 13
1650991865276 0.6738513112068176 14
1650991865278 0.6736353635787964 15
1650991865281 0.6729884147644043 16
1650991865285 0.67231285572052 17
1650991865288 0.6716664433479309 18
1650991865290 0.6712420582771301 19
1650991865293 0.6708798408508301 20
1650991865303 0.6704461574554443 21
1650991865305 0.6698828935623169 22
1650991865330 0.6692315340042114 23
1650991865345 0.6686179637908936 24
1650991865349 0.6680717468261719 25
1650991865357 0.6674734354019165 26
1650991865359 0.6667797565460205 27
1650991865376 0.6660174131393433 28
1650991865396 0.665258526802063 29
1650991865424 0.6645380854606628 30
1650991865432 0.6637364029884338 31
1650991865444 0.6628600358963013 32
1650991865461 0.6619076132774353 33
1650991865466 0.6609497666358948 34
1650991865470 0.6599447131156921 35
1650991865474 0.6588411927223206 36
1650991865477 0.6576813459396362 37
1650991865479 0.6564505696296692 38
1650991865482 0.6551381945610046 39
1650991865487 0.6537044644355774 40
1650991865490 0.6522038578987122 41
1650991865512 0.6505661606788635 42
1650991865528 0.6488111615180969 43
1650991865542 0.6469287872314453 44
1650991865547 0.644885778427124 45
1650991865552 0.6426450610160828 46
1650991865556 0.6402149200439453 47
1650991865559 0.6375601291656494 48
1650991865561 0.6346670985221863 49
1650991865563 0.6315211057662964 50
1650991865647 0.6281309723854065 51
1650991865653 0.6246223449707031 52
1650991865655 0.6230445504188538 53
1650991865659 0.6202555894851685 54
1650991865678 0.6129932403564453 55
1650991865680 0.6111462712287903 56
1650991865683 0.6050547957420349 57
1650991865686 0.6016538739204407 58
1650991865688 0.5949873924255371 59
1650991865690 0.5907757878303528 60
1650991865693 0.5833561420440674 61
1650991865696 0.5761487483978271 62
1650991865698 0.5709382891654968 63
1650991865701 0.5597905516624451 64
1650991865703 0.5546684861183167 65
1650991865705 0.5521449446678162 66
1650991865736 0.5386214852333069 67
1650991865756 0.5238023400306702 68
1650991865759 0.5168130993843079 69
1650991865761 0.5118802189826965 70
1650991865763 0.5071359872817993 71
1650991865765 0.4855201244354248 72
1650991865784 0.46993470191955566 73
1650991865786 0.4681158661842346 74
1650991865788 0.4628502428531647 75
1650991865790 0.45551711320877075 76
1650991865793 0.4244902729988098 77
