1650994331055 0.7046572493982839 1
1650994331098 0.6957493387299143 2
1650994331101 0.6882735294300121 3
1650994331104 0.6887891124456357 4
1650994331107 0.6869114250927181 5
1650994331148 0.684265829486288 6
1650994331151 0.682121570730384 7
1650994331202 0.6792746760469653 8
1650994331207 0.6781091476098086 9
1650994331214 0.6748678749734229 10
1650994331216 0.6715511629432985 11
1650994331218 0.6668280607614762 12
1650994331220 0.6603108052805666 13
1650994331222 0.6597925022844866 14
1650994331224 0.653529113028949 15
1650994331226 0.6421227090524666 16
1650994331228 0.6424659968732478 17
1650994331231 0.6313376697428498 18
1650994331240 0.6309464270378644 19
1650994331243 0.6166253133571191 20
1650994331245 0.6162440014846159 21
1650994331247 0.6173739262989589 22
1650994331274 0.6023757215384599 23
1650994331287 0.5905305858933445 24
1650994331289 0.5799682699280344 25
1650994331291 0.5903371961125524 26
1650994331294 0.5584645000569549 27
1650994331296 0.5486774053765741 28
1650994331298 0.539039074064611 29
1650994331300 0.5335147649377256 30
1650994331302 0.5224311008994833 31
1650994331339 0.5134905262307806 32
1650994331341 0.5004172970305433 33
1650994331344 0.49231914242545327 34
1650994331346 0.4802855170253432 35
1650994331348 0.4872447483705514 36
1650994331357 0.46671933514294606 37
1650994331360 0.4593488218146803 38
1650994331362 0.4533464890041631 39
1650994331364 0.43740108085202645 40
1650994331370 0.4296472178492354 41
1650994331372 0.4213766859564589 42
1650994331378 0.4225215589825487 43
1650994331379 0.40661986799903843 44
1650994331382 0.3999756708904937 45
1650994331385 0.4055166400614239 46
1650994331386 0.4047657570122799 47
1650994331388 0.38981401461821336 48
1650994331391 0.379878710150282 49
1650994331393 0.382334339203852 50
1650994331395 0.36699164437723686 51
1650994331397 0.37063771617281566 52
1650994331425 0.36117873752946816 53
1650994331427 0.36275092018392935 54
1650994331430 0.3554074804643135 55
1650994331432 0.3442149959204398 56
1650994331434 0.33930956629606396 57
1650994331436 0.3356020047769442 58
1650994331438 0.3387681267637036 59
1650994331440 0.3295070335760221 60
1650994331442 0.3225940580551441 61
1650994331444 0.32136891078162977 62
1650994331446 0.3182649245628944 63
1650994331448 0.3140537305410965 64
1650994331450 0.3256389048946646 65
1650994331452 0.3087357255347046 66
1650994331461 0.30712945426340066 67
1650994331463 0.30100197822619706 68
1650994331465 0.304263704098188 69
1650994331467 0.315752849255726 70
1650994331476 0.2936512404854918 71
1650994331478 0.295109965971538 72
1650994331480 0.29929527782258536 73
1650994331482 0.29130833342180146 74
1650994331483 0.2925011325668503 75
1650994331485 0.28176526725292206 76
1650994331490 0.2880459217143146 77
1650994331492 0.29854841459365117 78
1650994331494 0.2831269397840395 79
1650994331496 0.28630602490770946 80
1650994331498 0.27265285965287206 81
1650994331511 0.27486962865997144 82
1650994331513 0.282722702174833 83
1650994331516 0.27513041349994394 84
1650994331521 0.2966450640570113 85
1650994331537 0.2740910759011468 86
1650994331540 0.277682459070569 87
1650994331543 0.2888981179221646 88
1650994331546 0.2788690796920231 89
1650994331549 0.2671896755258679 90
1650994331551 0.2632055002036112 91
1650994331553 0.2689524205067219 92
1650994331558 0.2632069760189825 93
1650994331579 0.2620784961260282 94
1650994331581 0.25911486072418016 95
1650994331583 0.250827248498197 96
1650994331585 0.2580824560953147 97
1650994331587 0.2555295603397565 98
1650994331590 0.25000744675978637 99
1650994331595 0.251001965704855 100
1650994331598 0.24970060106598851 101
1650994331600 0.25670245322552354 102
1650994331603 0.2598351695380368 103
1650994331623 0.25251065964227193 104
1650994331625 0.259875876562936 105
1650994331627 0.24746100566326043 106
1650994331630 0.24713023421746907 107
1650994331635 0.24128065615783245 108
1650994331648 0.24148212946378267 109
1650994331650 0.2431526568346408 110
1650994331653 0.2432350062188648 111
1650994331672 0.2369060495615879 112
1650994331679 0.23752687232834951 113
1650994331682 0.23576530475756188 114
1650994331685 0.23591471384296486 115
1650994331689 0.23451558497799185 116
1650994331693 0.23354564961932955 117
1650994331696 0.23154465488461784 118
1650994331698 0.23211353384094796 119
1650994331700 0.23184198075598414 120
1650994331702 0.23584650991818842 121
1650994331705 0.23188970715571672 122
1650994331716 0.24182548496749376 123
1650994331732 0.24765156826256832 124
