1650993089742 0.6967256735096048 1
1650993089744 0.693365984565609 2
1650993089746 0.6883369767185532 3
1650993089749 0.6868579937861516 4
1650993089751 0.6852952460229615 5
1650993089753 0.6833608329514445 6
1650993089755 0.6800635959202553 7
1650993089776 0.6765729662699577 8
1650993089779 0.6723301915022043 9
1650993089783 0.6782287516436734 10
1650993089785 0.6660118655407385 11
1650993089787 0.6636591339722658 12
1650993089797 0.6534769637680753 13
1650993089801 0.6502972712446918 14
1650993089803 0.6429929597910508 15
1650993089808 0.63437644247607 16
1650993089810 0.6227272938896011 17
1650993089812 0.591240406473041 18
1650993089833 0.5563711430126931 19
1650993089842 0.47732422607285635 20
1650993089849 0.3804265992108719 21
1650993089852 0.25872700467651144 22
1650993089854 0.19700841600205 23
1650993089856 0.16759664895551982 24
1650993089889 0.15804286224719805 25
1650993089942 0.15921195386311945 26
1650993089945 0.13520861239660353 27
1650993089948 0.1426031578591455 28
1650993089950 0.12445274814144595 29
1650993089955 0.13637795334770567 30
1650993089958 0.12244951610381787 31
1650993089960 0.12581177530707893 32
1650993089962 0.1524785610782358 33
1650993089965 0.14648060091249235 34
1650993089967 0.13973850257449097 35
1650993089969 0.13409565045283392 36
1650993089986 0.13090940382017757 37
1650993089988 0.11983196475566962 38
1650993089990 0.12361671090562702 39
1650993089992 0.12141164553252769 40
1650993089994 0.12212377939468776 41
1650993089996 0.12243099876375863 42
1650993089999 0.12280599783846746 43
1650993090001 0.11934673761600977 44
1650993090003 0.15053997128765226 45
1650993090005 0.12815791008236643 46
1650993090014 0.12235711411242084 47
1650993090027 0.12136500880067602 48
1650993090029 0.12456534112438614 49
1650993090031 0.13137811927240847 50
1650993090041 0.12738134632835457 51
1650993090043 0.1258369396566908 52
1650993090045 0.13932046954666738 53
1650993090047 0.13200034845224667 54
1650993090049 0.13130974676801171 55
1650993090056 0.13877489455999473 56
1650993090059 0.12727961978523722 57
1650993090064 0.13551079675609812 58
1650993090066 0.1214368612174586 59
1650993090070 0.13521573979120988 60
1650993090073 0.13391901203345902 61
1650993090083 0.12792858021545322 62
1650993090085 0.1235748311648002 63
1650993090088 0.1292667302947778 64
1650993090090 0.12127837975383242 65
1650993090092 0.12089140492153692 66
1650993090095 0.11973778919859247 67
1650993090097 0.11978546206603993 68
1650993090099 0.12769084093553243 69
1650993090101 0.14339045710834392 70
1650993090113 0.14272867601651412 71
1650993090115 0.12746222199865312 72
1650993090118 0.13339255100641495 73
1650993090121 0.12778805774865132 74
1650993090129 0.12468719588858741 75
1650993090131 0.12087678948874439 76
1650993090133 0.12632772140887194 77
