1650987674955 0.6948090370321448 1
1650987674957 0.6889055709699134 2
1650987674958 0.6879871175402686 3
1650987674959 0.6860759994049213 4
1650987674960 0.6818787235043424 5
1650987674962 0.6771998547372364 6
1650987674963 0.6772272770221417 7
1650987674964 0.6671051503101111 8
1650987674965 0.6561885611478225 9
1650987674967 0.6439968079001039 10
1650987674968 0.6421877213450142 11
1650987674970 0.6331099898387225 12
1650987674971 0.6251361276203896 13
1650987674973 0.6172175160694472 14
1650987674974 0.5827989139399685 15
1650987674975 0.572128774700584 16
1650987674977 0.5395219026904403 17
1650987674979 0.48384439639556104 18
1650987674980 0.45945029850407837 19
1650987674981 0.466121290411268 20
1650987674983 0.42097370353810515 21
1650987674984 0.3653500363940284 22
1650987674986 0.339527910118138 23
1650987674988 0.31706533305374257 24
1650987674990 0.314870474866895 25
1650987674991 0.31217129828729034 26
1650987674992 0.28261405098569264 27
1650987674994 0.26371429298386906 28
1650987674996 0.3023559269887624 29
1650987674998 0.31241896475627745 30
1650987674999 0.2711580961724341 31
1650987675001 0.24701740120575105 32
1650987675002 0.264839374647909 33
1650987675004 0.2558788171399644 34
1650987675006 0.24732144187876592 35
1650987675007 0.2617526998668363 36
1650987675009 0.27823637344024993 37
1650987675010 0.27054295129391737 38
1650987675012 0.28052760393191606 39
1650987675013 0.23650091155108077 40
1650987675015 0.21294813944306565 41
1650987675016 0.22472665587187687 42
1650987675017 0.22282183099360692 43
1650987675019 0.2095959980736722 44
1650987675020 0.20415936099303947 45
1650987675022 0.23338654926626673 46
1650987675023 0.22698468886888945 47
1650987675025 0.22898764198734647 48
1650987675026 0.206824915203856 49
1650987675027 0.20526879048827804 50
1650987675029 0.19838834229188088 51
1650987675030 0.19723269790956827 52
1650987675032 0.18919572965566056 53
1650987675033 0.18926406048593067 54
1650987675035 0.1850087535141152 55
1650987675036 0.18415689512050196 56
1650987675038 0.20567598316695665 57
1650987675039 0.1931491922655385 58
1650987675040 0.1850996848209437 59
1650987675042 0.18053200802741906 60
1650987675043 0.18497670657468804 61
1650987675045 0.1808276496309064 62
1650987675046 0.17493016985091533 63
1650987675047 0.2319624838811574 64
1650987675049 0.2688330411911011 65
1650987675050 0.24480116618421924 66
1650987675051 0.1840940833419234 67
1650987675053 0.17618116441663806 68
1650987675054 0.17769460740325216 69
1650987675056 0.16906731643956222 70
1650987675058 0.17913608269377068 71
1650987675060 0.18993557902264507 72
1650987675062 0.18182484079629946 73
1650987675063 0.19746454513116635 74
1650987675064 0.18139723860300505 75
1650987675065 0.18036937506207618 76
1650987675067 0.17798067520171296 77
1650987675068 0.17164691736846616 78
1650987675069 0.1674722474027466 79
1650987675070 0.16839577421382235 80
1650987675072 0.16903804761149507 81
1650987675074 0.17492183764557262 82
1650987675075 0.20136906976228233 83
1650987675077 0.19946602036009778 84
1650987675079 0.1899247021574677 85
1650987675081 0.1889834512611885 86
1650987675083 0.1745521373801179 87
1650987675085 0.17160757595584505 88
1650987675087 0.1885842222433824 89
1650987675088 0.2037846307396452 90
1650987675090 0.21762002240388822 91
1650987675091 0.1888778154011611 92
