1650992028150 0.6805099844932556 1
1650992028156 0.682640552520752 2
1650992028214 0.6770699620246887 3
1650992028221 0.6783122420310974 4
1650992028223 0.676990270614624 5
1650992028225 0.6744748950004578 6
1650992028229 0.6740809082984924 7
1650992028232 0.6738893985748291 8
1650992028234 0.6724414229393005 9
1650992028244 0.6711564660072327 10
1650992028246 0.6707367897033691 11
1650992028314 0.6701865792274475 12
1650992028321 0.6689407229423523 13
1650992028324 0.6677656769752502 14
1650992028327 0.6670761704444885 15
1650992028332 0.6663120985031128 16
1650992028336 0.6650882363319397 17
1650992028344 0.6639643311500549 18
1650992028346 0.6630944609642029 19
1650992028348 0.662143886089325 20
1650992028350 0.6608774662017822 21
1650992028353 0.6597036123275757 22
1650992028355 0.6586430668830872 23
1650992028359 0.6574248671531677 24
1650992028361 0.6560622453689575 25
1650992028364 0.6547936797142029 26
1650992028367 0.6534838676452637 27
1650992028369 0.6520232558250427 28
1650992028416 0.6504982113838196 29
1650992028418 0.649013340473175 30
1650992028420 0.6473735570907593 31
1650992028422 0.6457222700119019 32
1650992028425 0.6440406441688538 33
1650992028427 0.6421968936920166 34
1650992028430 0.6403407454490662 35
1650992028435 0.6384190917015076 36
1650992028438 0.6363781690597534 37
1650992028440 0.6343180537223816 38
1650992028443 0.6321374773979187 39
1650992028475 0.6298955082893372 40
1650992028490 0.627557635307312 41
1650992028492 0.6251488327980042 42
1650992028495 0.6226491332054138 43
1650992028497 0.6200576424598694 44
1650992028503 0.61739581823349 45
1650992028505 0.6146305799484253 46
1650992028507 0.6117734313011169 47
1650992028510 0.6088244915008545 48
1650992028512 0.605781614780426 49
1650992028514 0.6026784181594849 50
1650992028518 0.5994463562965393 51
1650992028520 0.5961286425590515 52
1650992028522 0.5927234888076782 53
1650992028563 0.5892305970191956 54
1650992028578 0.5856437087059021 55
1650992028580 0.5819751620292664 56
1650992028586 0.578206479549408 57
1650992028594 0.5743052363395691 58
1650992028596 0.5703688859939575 59
1650992028601 0.5663700699806213 60
1650992028606 0.5623090863227844 61
1650992028609 0.5582081079483032 62
1650992028621 0.5541900396347046 63
1650992028624 0.5506876111030579 64
1650992028628 0.5484986901283264 65
1650992028633 0.5454484224319458 66
1650992028677 0.5387514233589172 67
1650992028683 0.5355161428451538 68
1650992028685 0.533566951751709 69
1650992028687 0.5275270938873291 70
1650992028690 0.5247290730476379 71
1650992028692 0.5220076441764832 72
1650992028695 0.5164479613304138 73
1650992028698 0.5138736367225647 74
1650992028702 0.5106353163719177 75
1650992028704 0.5054720640182495 76
1650992028706 0.5026639103889465 77
1650992028709 0.49951356649398804 78
1650992028727 0.49456438422203064 79
1650992028729 0.4909277558326721 80
1650992028734 0.4882632791996002 81
1650992028736 0.484553724527359 82
1650992028738 0.47956952452659607 83
1650992028741 0.47566941380500793 84
1650992028743 0.47283825278282166 85
1650992028745 0.46933192014694214 86
1650992028748 0.4655466675758362 87
1650992028750 0.4607357382774353 88
1650992028754 0.4561059772968292 89
1650992028756 0.4525983929634094 90
1650992028820 0.4496568441390991 91
1650992028823 0.4467669129371643 92
1650992028825 0.4426289498806 93
1650992028827 0.4374173879623413 94
1650992028830 0.4316956400871277 95
