1650994506422 0.6963705409577478 1
1650994506425 0.6922390698949933 2
1650994506427 0.6912204459473327 3
1650994506436 0.6898144874380622 4
1650994506438 0.6876960894563696 5
1650994506446 0.6869703727764088 6
1650994506448 0.6852737896608345 7
1650994506450 0.6839481203547327 8
1650994506458 0.6826135079502623 9
1650994506461 0.6790325058685555 10
1650994506477 0.6757197639881036 11
1650994506480 0.6710435123670668 12
1650994506483 0.6668516364726391 13
1650994506485 0.6631113210003892 14
1650994506489 0.6529744153931027 15
1650994506493 0.648919117756379 16
1650994506495 0.6375018360413911 17
1650994506498 0.6314560386724087 18
1650994506499 0.6207529225628892 19
1650994506501 0.6068612245412973 20
1650994506503 0.5980352272480836 21
1650994506505 0.5905405488206353 22
1650994506507 0.5765087124192234 23
1650994506509 0.5635838277174003 24
1650994506513 0.5493423192055671 25
1650994506516 0.5456133438990667 26
1650994506519 0.5467446193153604 27
1650994506525 0.5308837667926327 28
1650994506527 0.5087264302449349 29
1650994506529 0.5132325062384973 30
1650994506531 0.5054536754395063 31
1650994506534 0.48979617758984967 32
1650994506536 0.48193915335686655 33
1650994506551 0.46306571462652185 34
1650994506560 0.45469803447688456 35
1650994506563 0.44761916056220785 36
1650994506568 0.4394385570134872 37
1650994506570 0.43458749184678325 38
1650994506572 0.4376113502097217 39
1650994506575 0.4229410131335695 40
1650994506577 0.4199847500402849 41
1650994506579 0.41175506512324017 42
1650994506584 0.41363840924077855 43
1650994506586 0.40104176098610456 44
1650994506588 0.3985753008079179 45
1650994506602 0.3807547960307572 46
1650994506604 0.3799408949338473 47
1650994506615 0.37597160778202854 48
1650994506619 0.3702067752460857 49
1650994506622 0.3627719363886795 50
1650994506624 0.3603398891595694 51
1650994506627 0.35715317376804 52
1650994506631 0.34730811444394316 53
1650994506634 0.3446655519061036 54
1650994506635 0.34088955432067425 55
1650994506637 0.3434610747810685 56
1650994506639 0.3390860630697383 57
1650994506646 0.33060682725993706 58
1650994506648 0.33267728149235903 59
1650994506650 0.329177207780845 60
1650994506652 0.32852689861814616 61
1650994506654 0.3278832581890372 62
1650994506692 0.3113326385562673 63
1650994506695 0.3348539058978741 64
1650994506697 0.3278403954628186 65
1650994506699 0.32253915791983134 66
1650994506702 0.31670636790139334 67
1650994506704 0.3015250732828846 68
1650994506779 0.31046288878053097 69
1650994506782 0.29963073418253944 70
1650994506785 0.29870384418484053 71
1650994506806 0.29478762831006733 72
1650994506808 0.2883655438711355 73
1650994506810 0.2968142684890237 74
1650994506812 0.2996947219520261 75
1650994506815 0.298288799904205 76
1650994506823 0.2945077563380147 77
1650994506825 0.2854506562262664 78
1650994506827 0.2954971295791668 79
1650994506829 0.28477902934228105 80
1650994506832 0.2950536281197936 81
1650994506850 0.29013146749346247 82
1650994506852 0.28107648574825606 83
1650994506854 0.2716925295936319 84
1650994506861 0.2694762471394661 85
1650994506863 0.2769735955493354 86
1650994506865 0.26926357132611256 87
1650994506867 0.26770922525243446 88
1650994506869 0.2686603173013135 89
1650994506871 0.2692821266013624 90
1650994506872 0.265700190167724 91
1650994506875 0.2645582581832732 92
1650994506886 0.259593808061474 93
1650994506888 0.2597114652286082 94
1650994506890 0.25607827862540444 95
1650994506896 0.26186316146518723 96
1650994506907 0.2532386024356325 97
1650994506911 0.25437374265639334 98
1650994506913 0.2581021082706941 99
1650994506916 0.25476035988811174 100
1650994506918 0.25336209627298206 101
1650994506920 0.2634981211834338 102
1650994506922 0.25548235755482 103
1650994506924 0.2464138020525922 104
1650994506930 0.27321966805737535 105
1650994506932 0.2671170461199659 106
1650994506934 0.2687837112517584 107
1650994506936 0.25414387024802604 108
1650994506938 0.24624199608525077 109
1650994506939 0.24284176905076582 110
1650994506943 0.24727721261235822 111
1650994506946 0.24168901980578245 112
1650994506948 0.24480288609480247 113
1650994506951 0.24126689632733664 114
1650994506953 0.2429918253268951 115
1650994506955 0.2427733938990932 116
1650994506957 0.23840130849198982 117
1650994506964 0.23449603694699186 118
1650994506966 0.24828382322203107 119
1650994506970 0.2358001111409603 120
1650994506971 0.23354616155336191 121
