1650995820260 0.7036931137025575 1
1650995820263 0.6976498924332224 2
1650995820265 0.6897408896750146 3
1650995820267 0.6902814308802286 4
1650995820270 0.6856732401219043 5
1650995820271 0.6853227300958319 6
1650995820274 0.6819419242960193 7
1650995820276 0.6794258236011743 8
1650995820278 0.6779580694851858 9
1650995820281 0.6762567863359557 10
1650995820283 0.6695507142569993 11
1650995820287 0.6659119650994465 12
1650995820289 0.6592517217873654 13
1650995820291 0.6570231833737412 14
1650995820293 0.6513521730244815 15
1650995820296 0.643308162252545 16
1650995820299 0.6312483577501207 17
1650995820301 0.6197109421094259 18
1650995820303 0.610120456297319 19
1650995820306 0.6011748331370371 20
1650995820308 0.5970038533647418 21
1650995820310 0.5737618592195896 22
1650995820313 0.5619767764549115 23
1650995820315 0.5594581145069975 24
1650995820320 0.549526802567772 25
1650995820325 0.5257865727602781 26
1650995820328 0.515820555525385 27
1650995820331 0.5009804363652464 28
1650995820346 0.510449652270083 29
1650995820348 0.5059109090012072 30
1650995820350 0.4757486735726451 31
1650995820353 0.45761847485116114 32
1650995820359 0.45112881992326115 33
1650995820363 0.44418008969380307 34
1650995820366 0.4333106256448306 35
1650995820370 0.42315609714923763 36
1650995820375 0.4196695943018456 37
1650995820378 0.4057449052185366 38
1650995820380 0.40165100276688515 39
1650995820382 0.39126462530303785 40
1650995820384 0.3895257469061967 41
1650995820393 0.4094165707682515 42
1650995820435 0.37904846056913716 43
1650995820438 0.36535044336493633 44
1650995820440 0.3636464878316327 45
1650995820443 0.36293053463265135 46
1650995820445 0.3492357259268289 47
1650995820447 0.34386269666336394 48
1650995820449 0.34835875361830326 49
1650995820452 0.34927630784747365 50
1650995820456 0.34138263298041654 51
1650995820458 0.3312259425610413 52
1650995820460 0.35419665555377583 53
1650995820463 0.34680311147109927 54
1650995820465 0.3481464975482815 55
1650995820467 0.32939497367802995 56
1650995820469 0.3299570158942715 57
1650995820472 0.3165533805723155 58
1650995820474 0.3040198027650952 59
1650995820477 0.3082313056175525 60
1650995820480 0.3004441492723458 61
1650995820482 0.3006851882724972 62
1650995820486 0.29572637854041633 63
1650995820488 0.293217115349822 64
1650995820490 0.2961174462522779 65
1650995820492 0.29480249355564186 66
1650995820494 0.28658425436788426 67
1650995820497 0.2880235801249633 68
1650995820511 0.28109611106879545 69
1650995820514 0.2812376135871524 70
1650995820516 0.2882295779256157 71
1650995820518 0.28091658166039996 72
1650995820521 0.27748664787837435 73
1650995820522 0.27137423686055473 74
1650995820527 0.277208550290747 75
1650995820529 0.2709777385760576 76
1650995820531 0.28332852105517964 77
1650995820538 0.26903035658183116 78
1650995820543 0.264986535350045 79
1650995820545 0.2670544472151187 80
1650995820547 0.26570274803664656 81
1650995820550 0.2614187531637185 82
1650995820553 0.2644630738230415 83
1650995820555 0.2606454135734083 84
1650995820558 0.263493687351108 85
1650995820560 0.258611404579201 86
1650995820562 0.2537905379529401 87
1650995820564 0.25735301892836016 88
1650995820567 0.25576371058221264 89
1650995820570 0.25205386820293607 90
1650995820571 0.24903456342744304 91
1650995820574 0.2601478505920578 92
1650995820576 0.24962716072033614 93
1650995820584 0.24364863581709809 94
1650995820586 0.2553581388551237 95
1650995820588 0.27447307191707276 96
1650995820590 0.25245722899070155 97
1650995820592 0.24497837985391582 98
1650995820594 0.24412980271783066 99
1650995820596 0.24692968189061343 100
1650995820598 0.2378087457501408 101
1650995820603 0.24049674711384617 102
1650995820606 0.24996136953105857 103
1650995820608 0.2404168506900033 104
1650995820610 0.2434748275266899 105
1650995820612 0.23895624913138785 106
1650995820614 0.24629673449111072 107
1650995820616 0.23483102094559444 108
1650995820617 0.23246065611804362 109
1650995820619 0.24140531315908328 110
1650995820621 0.2300781203713609 111
1650995820624 0.23153900390579588 112
1650995820626 0.22891163847821971 113
1650995820628 0.23027467809535646 114
1650995820630 0.22788949550944806 115
1650995820632 0.2325365648164854 116
1650995820644 0.22682441672781012 117
1650995820647 0.22733990023861 118
1650995820649 0.2288556532327072 119
1650995820651 0.22387784719467163 120
