1651005809709 0.6905487179756165 1
1651005809712 0.6917105317115784 2
1651005809713 0.6839119791984558 3
1651005809716 0.6779887080192566 4
1651005809718 0.6790069937705994 5
1651005809721 0.6802121996879578 6
1651005809729 0.6788508296012878 7
1651005809733 0.6766959428787231 8
1651005809735 0.6756044626235962 9
1651005809737 0.6756957173347473 10
1651005809743 0.6759079098701477 11
1651005809749 0.6754189133644104 12
1651005809752 0.6743503212928772 13
1651005809754 0.6735683679580688 14
1651005809756 0.6732133626937866 15
1651005809761 0.6731283068656921 16
1651005809763 0.6728988289833069 17
1651005809766 0.6723302602767944 18
1651005809768 0.6715821623802185 19
1651005809770 0.6708581447601318 20
1651005809776 0.6704460382461548 21
1651005809781 0.6701139807701111 22
1651005809785 0.6696245670318604 23
1651005809787 0.6689707636833191 24
1651005809791 0.6683252453804016 25
1651005809794 0.6677860617637634 26
1651005809797 0.6672919988632202 27
1651005809799 0.6666762828826904 28
1651005809802 0.6659682989120483 29
1651005809805 0.6652831435203552 30
1651005809811 0.6645611524581909 31
1651005809813 0.6638500690460205 32
1651005809815 0.6630816459655762 33
1651005809816 0.6622599959373474 34
1651005809818 0.6614090800285339 35
1651005809820 0.6605048775672913 36
1651005809822 0.6595671772956848 37
1651005809825 0.6585583090782166 38
1651005809828 0.6574861407279968 39
1651005809830 0.6563330888748169 40
1651005809833 0.655105471611023 41
1651005809835 0.6537837982177734 42
1651005809837 0.6523584127426147 43
1651005809841 0.6508148312568665 44
1651005809844 0.6491338014602661 45
1651005809847 0.6472808122634888 46
1651005809849 0.6452380418777466 47
1651005809851 0.6430134177207947 48
1651005809853 0.6417386531829834 49
1651005809855 0.6435841917991638 50
1651005809859 0.6413946747779846 51
1651005809862 0.6372201442718506 52
1651005809864 0.6367526650428772 53
1651005809867 0.6316269636154175 54
1651005809869 0.6289058327674866 55
1651005809872 0.625328004360199 56
1651005809874 0.6207199692726135 57
1651005809876 0.6167050004005432 58
1651005809878 0.6099778413772583 59
1651005809879 0.6035608053207397 60
1651005809882 0.5954285264015198 61
1651005809884 0.5826682448387146 62
1651005809886 0.568694531917572 63
1651005809888 0.6124961376190186 64
1651005809892 0.7487711906433105 65
1651005809894 0.5423315763473511 66
1651005809897 0.680955708026886 67
1651005809900 0.6796211004257202 68
1651005809902 0.6437002420425415 69
