1650993984900 0.691111072079166 1
1650993984901 0.6895409195851057 2
1650993984903 0.6871945144055964 3
1650993984905 0.6831520215058938 4
1650993984907 0.6809825139604645 5
1650993984913 0.6795964668958615 6
1650993984916 0.6745040934164446 7
1650993984922 0.6733109300389831 8
1650993984926 0.6672850054698986 9
1650993984934 0.6644113419693468 10
1650993984946 0.6591293551982977 11
1650993984948 0.6510745535840045 12
1650993984950 0.6442753884381863 13
1650993984953 0.636116338081849 14
1650993984955 0.6262026549258948 15
1650993984958 0.6149820530370915 16
1650993984962 0.601566480411278 17
1650993984964 0.5856430541464698 18
1650993984966 0.5807488523560129 19
1650993984968 0.5540821419094072 20
1650993984971 0.5408203829994132 21
1650993984973 0.5100211447630173 22
1650993984975 0.44732639783031336 23
1650993984977 0.3652342373416537 24
1650993984979 0.27905423115024636 25
1650993984990 0.2506890418110313 26
1650993984992 0.18604693700979044 27
1650993984993 0.2055108421669775 28
1650993984996 0.1982858174995625 29
1650993984998 0.15535951730532524 30
1650993985000 0.13787462155679206 31
1650993985009 0.12723085218733485 32
1650993985012 0.148975619384439 33
1650993985014 0.1347965976093715 34
1650993985016 0.12270634187446845 35
1650993985018 0.12593004041975672 36
1650993985026 0.12484103151948461 37
1650993985028 0.12685940201793397 38
1650993985030 0.12444584737548899 39
1650993985032 0.12059451508653032 40
1650993985033 0.11689967561117459 41
1650993985035 0.11918193047299927 42
1650993985037 0.11867231212474488 43
1650993985040 0.13852609857753084 44
1650993985042 0.1519672271314558 45
1650993985044 0.13489633634850218 46
1650993985046 0.1288704155456452 47
1650993985048 0.11994102851047621 48
1650993985059 0.11126099848921919 49
1650993985062 0.11899709292165525 50
1650993985063 0.11545661992424137 51
1650993985065 0.12666054779574984 52
1650993985067 0.12003385379310055 53
1650993985084 0.1137794948322869 54
1650993985087 0.11566518640125191 55
1650993985092 0.13451596925328502 56
1650993985094 0.13361106627371722 57
1650993985096 0.11589982265081161 58
1650993985098 0.12163863885097015 59
1650993985103 0.1141409131087663 60
1650993985106 0.11946587815826193 61
1650993985108 0.1133538078612242 62
1650993985110 0.11580496565217063 63
1650993985122 0.11583695929129045 64
1650993985125 0.11051213121785348 65
1650993985127 0.11239694514663229 66
1650993985129 0.12017580588440319 67
1650993985131 0.12187192957479875 68
1650993985133 0.137282656225966 69
1650993985135 0.1293020799155637 70
1650993985137 0.1271339796838306 71
1650993985139 0.11165406088252644 72
1650993985140 0.10754674689455347 73
1650993985143 0.11318328550883702 74
1650993985144 0.11676535588917715 75
1650993985146 0.12079645480428423 76
1650993985148 0.11994328345734995 77
1650993985150 0.12213780677744321 78
1650993985152 0.13468111298241459 79
1650993985154 0.127158855343913 80
1650993985157 0.11047408055691492 81
1650993985160 0.10914255315676713 82
1650993985169 0.10885922004888346 83
1650993985171 0.10990860242219198 84
1650993985184 0.10546714367665651 85
1650993985186 0.10341801246007283 86
