1651004374016 0.70360267162323 1
1651004374019 0.6801027655601501 2
1651004374021 0.6841496229171753 3
1651004374022 0.6832073926925659 4
1651004374024 0.6799796223640442 5
1651004374026 0.6778072118759155 6
1651004374028 0.6775020360946655 7
1651004374030 0.6779798269271851 8
1651004374032 0.6781736612319946 9
1651004374034 0.6777840852737427 10
1651004374037 0.6769921779632568 11
1651004374038 0.6762134432792664 12
1651004374041 0.6756985783576965 13
1651004374043 0.675462007522583 14
1651004374045 0.6753677725791931 15
1651004374047 0.6752166748046875 16
1651004374049 0.6749137043952942 17
1651004374056 0.6744957566261292 18
1651004374058 0.6740641593933105 19
1651004374061 0.6737381219863892 20
1651004374063 0.6735016107559204 21
1651004374065 0.6733015179634094 22
1651004374067 0.6730360984802246 23
1651004374073 0.672666609287262 24
1651004374075 0.67225581407547 25
1651004374077 0.6718384027481079 26
1651004374079 0.6714304089546204 27
1651004374081 0.6710559129714966 28
1651004374083 0.670677125453949 29
1651004374085 0.6702526807785034 30
1651004374088 0.6698035001754761 31
1651004374090 0.6693399548530579 32
1651004374092 0.6688635349273682 33
1651004374095 0.6683793663978577 34
1651004374097 0.6678676009178162 35
1651004374099 0.6673111915588379 36
1651004374101 0.6667187809944153 37
1651004374105 0.6660818457603455 38
1651004374107 0.6654221415519714 39
1651004374109 0.664721667766571 40
1651004374111 0.6639827489852905 41
1651004374114 0.6632068157196045 42
1651004374117 0.6623680591583252 43
1651004374119 0.6614840626716614 44
1651004374122 0.6605435013771057 45
1651004374124 0.6595350503921509 46
1651004374126 0.6584730744361877 47
1651004374128 0.6573348045349121 48
1651004374130 0.656118631362915 49
1651004374132 0.6548134088516235 50
1651004374134 0.6534266471862793 51
1651004374136 0.6519405245780945 52
1651004374138 0.6503386497497559 53
1651004374140 0.6486231088638306 54
1651004374144 0.6467698812484741 55
1651004374148 0.6447929739952087 56
1651004374152 0.6427292227745056 57
1651004374154 0.6413316130638123 58
1651004374157 0.6384610533714294 59
1651004374160 0.6354327201843262 60
1651004374162 0.6330451965332031 61
1651004374165 0.6296963095664978 62
1651004374169 0.6265867352485657 63
1651004374172 0.6227563619613647 64
1651004374175 0.6182581782341003 65
1651004374177 0.6139476895332336 66
1651004374180 0.61107337474823 67
1651004374183 0.6134157776832581 68
1651004374189 0.6200155019760132 69
1651004374193 0.6137391328811646 70
1651004374196 0.607745349407196 71
1651004374200 0.6109777688980103 72
1651004374204 0.5936920642852783 73
