1650996886803 0.6991356576318706 1
1650996886806 0.6982814730742039 2
1650996886808 0.6911995803916847 3
1650996886811 0.684539292103205 4
1650996886813 0.6825390008343009 5
1650996886815 0.679532996464125 6
1650996886817 0.6768463378424173 7
1650996886819 0.6735066457109137 8
1650996886821 0.6736596414457747 9
1650996886823 0.6636983143104301 10
1650996886826 0.660109661655985 11
1650996886827 0.6512590393478617 12
1650996886829 0.6462835656417595 13
1650996886830 0.6401142934303143 14
1650996886832 0.6288440303924756 15
1650996886834 0.6164700954388349 16
1650996886836 0.6207105947501493 17
1650996886839 0.619624144428379 18
1650996886840 0.5958276738177289 19
1650996886842 0.58007760820808 20
1650996886844 0.5729920078109909 21
1650996886846 0.5565352841611311 22
1650996886848 0.5453400109713767 23
1650996886851 0.535924745348347 24
1650996886853 0.5333143461754907 25
1650996886856 0.512357852834485 26
1650996886863 0.49803327094940913 27
1650996886865 0.4998035607757149 28
1650996886868 0.4851628364005805 29
1650996886872 0.4728303190334376 30
1650996886873 0.4616765990143731 31
1650996886876 0.44576389918397197 32
1650996886878 0.4356284612046057 33
1650996886880 0.42888482302536457 34
1650996886882 0.41634245931883873 35
1650996886884 0.41272323908823316 36
1650996886887 0.40537182086116663 37
1650996886893 0.38812257780696885 38
1650996886896 0.3931613973863832 39
1650996886898 0.3835769495466253 40
1650996886900 0.3859046543692494 41
1650996886902 0.36985525696268884 42
1650996886904 0.3737235736279261 43
1650996886928 0.36700140512906587 44
1650996886934 0.3591363294657333 45
1650996886940 0.3473018044298822 46
1650996886943 0.33770589175678434 47
1650996886947 0.3394308792147444 48
1650996886957 0.32882953530702835 49
1650996886959 0.3271792014658233 50
1650996886961 0.3252334052171463 51
1650996886962 0.3402306778090341 52
1650996886964 0.33380576902693443 53
1650996886967 0.34821222182158584 54
1650996886969 0.31908478743427404 55
1650996886971 0.312043126140322 56
1650996886973 0.311154428200844 57
1650996886976 0.3102071493754893 58
1650996886978 0.3097017181443644 59
1650996886979 0.30195226271947223 60
1650996886982 0.2915777305325309 61
1650996886984 0.2923172389194642 62
1650996886986 0.29550808591720384 63
1650996886988 0.2823738281106774 64
1650996886989 0.28444415418219654 65
1650996886990 0.28293302404138193 66
1650996886992 0.276118312672381 67
1650996886993 0.2911496445154532 68
1650996886996 0.2776497968168922 69
1650996886998 0.2841887357252421 70
1650996886999 0.28609862192209823 71
1650996887002 0.26627289353709516 72
1650996887004 0.27275984376778095 73
1650996887025 0.27202537170041613 74
1650996887029 0.267085999195829 75
1650996887033 0.2650804830230636 76
1650996887036 0.26151127780313455 77
1650996887043 0.25808697436755396 78
1650996887049 0.25889889672125654 79
1650996887067 0.2545823606597635 80
1650996887069 0.25380564074376566 81
1650996887071 0.26609115804726385 82
1650996887073 0.2620215790394025 83
1650996887075 0.2645124709540671 84
1650996887078 0.2700656060770754 85
1650996887080 0.2459214617371996 86
1650996887082 0.25583462924747674 87
1650996887084 0.26106503027262706 88
1650996887086 0.25298736885790424 89
1650996887087 0.24979940930128972 90
1650996887090 0.24271800404503233 91
1650996887092 0.24902304166402572 92
1650996887094 0.25741909002209756 93
1650996887096 0.2509798194680895 94
1650996887097 0.2448247212630052 95
1650996887116 0.26564855595211406 96
1650996887118 0.24213413692219354 97
1650996887120 0.23523000335737027 98
1650996887123 0.23397260358482053 99
1650996887125 0.23698150516647995 100
1650996887127 0.2754379446471567 101
1650996887135 0.27005525626542365 102
1650996887138 0.24022937557854496 103
1650996887140 0.2386707202855484 104
1650996887143 0.23618114796968606 105
1650996887145 0.23561463742465763 106
1650996887148 0.27117382617660496 107
1650996887168 0.2766630589525342 108
1650996887171 0.24124341149688203 109
1650996887172 0.23029730067803308 110
1650996887174 0.2248816993428674 111
1650996887176 0.22559760838419526 112
1650996887179 0.22414696969828762 113
1650996887181 0.2266769602949366 114
1650996887183 0.2268552792159629 115
1650996887185 0.22543806050504958 116
1650996887187 0.22349359837425498 117
1650996887190 0.2215684461287963 118
1650996887192 0.23482253263284872 119
1650996887194 0.23223410066449163 120
1650996887196 0.23402577387544263 121
1650996887198 0.22196905194839714 122
