1651001793250 0.6903409361839294 1
1651001793252 0.6798840165138245 2
1651001793255 0.6808043122291565 3
1651001793257 0.6819274425506592 4
1651001793260 0.6806138157844543 5
1651001793263 0.6786797046661377 6
1651001793265 0.6775805950164795 7
1651001793267 0.6774476170539856 8
1651001793269 0.6776648759841919 9
1651001793272 0.6776571869850159 10
1651001793274 0.6771984100341797 11
1651001793276 0.676469087600708 12
1651001793278 0.6757726073265076 13
1651001793280 0.6753352880477905 14
1651001793281 0.6751245856285095 15
1651001793283 0.6750094294548035 16
1651001793284 0.6746715903282166 17
1651001793286 0.674220621585846 18
1651001793289 0.6737290024757385 19
1651001793291 0.6732825040817261 20
1651001793294 0.672977864742279 21
1651001793296 0.6727171540260315 22
1651001793298 0.6723960638046265 23
1651001793301 0.6719741821289062 24
1651001793303 0.6714838743209839 25
1651001793306 0.6710075736045837 26
1651001793309 0.6705690026283264 27
1651001793311 0.6701467037200928 28
1651001793314 0.6697025895118713 29
1651001793316 0.669215738773346 30
1651001793319 0.6686916351318359 31
1651001793324 0.6681770086288452 32
1651001793327 0.6676125526428223 33
1651001793329 0.6670816540718079 34
1651001793331 0.6665271520614624 35
1651001793334 0.6659278869628906 36
1651001793337 0.6652966737747192 37
1651001793341 0.6646362543106079 38
1651001793380 0.6639658212661743 39
1651001793383 0.6632539629936218 40
1651001793385 0.6625134348869324 41
1651001793390 0.6617474555969238 42
1651001793393 0.6609508991241455 43
1651001793396 0.6601178050041199 44
1651001793401 0.6592665910720825 45
1651001793404 0.6583573818206787 46
1651001793409 0.657425045967102 47
1651001793411 0.6564471125602722 48
1651001793414 0.6554138660430908 49
1651001793416 0.6543545126914978 50
1651001793419 0.6532424092292786 51
1651001793422 0.6520851254463196 52
1651001793424 0.650875985622406 53
1651001793428 0.6496223211288452 54
1651001793431 0.6482924818992615 55
1651001793433 0.6469091773033142 56
1651001793435 0.6454582214355469 57
1651001793437 0.6439395546913147 58
1651001793440 0.6423600912094116 59
1651001793442 0.6407024264335632 60
1651001793445 0.6389688849449158 61
1651001793447 0.6371544003486633 62
1651001793449 0.6352537274360657 63
1651001793451 0.6332658529281616 64
1651001793454 0.6311851739883423 65
1651001793456 0.6290066838264465 66
1651001793458 0.6267299056053162 67
1651001793461 0.6243390440940857 68
1651001793463 0.6218296885490417 69
1651001793466 0.61919766664505 70
1651001793468 0.6164384484291077 71
1651001793470 0.6135256886482239 72
1651001793473 0.610460638999939 73
1651001793475 0.6072362065315247 74
1651001793477 0.6038175225257874 75
1651001793479 0.600200891494751 76
1651001793482 0.5963976383209229 77
1651001793484 0.5923744440078735 78
1651001793486 0.5890985131263733 79
1651001793489 0.5931413173675537 80
1651001793491 0.5837495923042297 81
1651001793494 0.5821260809898376 82
1651001793496 0.5727876424789429 83
1651001793498 0.5732842087745667 84
1651001793501 0.5699776411056519 85
1651001793503 0.5613426566123962 86
1651001793505 0.5579149127006531 87
1651001793507 0.5554561018943787 88
1651001793510 0.5463603734970093 89
1651001793513 0.5414971113204956 90
1651001793516 0.5355063080787659 91
1651001793518 0.5298743844032288 92
1651001793520 0.5230554938316345 93
1651001793522 0.5161384344100952 94
1651001793524 0.5091680288314819 95
1651001793527 0.5011552572250366 96
