1651004810354 0.7051531672477722 1
1651004810375 0.6816182732582092 2
1651004810378 0.6868247985839844 3
1651004810381 0.6830328702926636 4
1651004810387 0.6787896752357483 5
1651004810390 0.6776968836784363 6
1651004810393 0.6783706545829773 7
1651004810396 0.6789082884788513 8
1651004810398 0.6784292459487915 9
1651004810401 0.6773126721382141 10
1651004810405 0.6762324571609497 11
1651004810407 0.6756533980369568 12
1651004810410 0.6754867434501648 13
1651004810412 0.675527036190033 14
1651004810415 0.6753111481666565 15
1651004810421 0.67472904920578 16
1651004810426 0.6740447282791138 17
1651004810429 0.6736072301864624 18
1651004810442 0.6733645796775818 19
1651004810445 0.6731942296028137 20
1651004810448 0.6729112267494202 21
1651004810465 0.6724298000335693 22
1651004810473 0.6718721985816956 23
1651004810476 0.6713457703590393 24
1651004810480 0.6709193587303162 25
1651004810482 0.670549213886261 26
1651004810487 0.6700741052627563 27
1651004810490 0.6694886684417725 28
1651004810492 0.6688961386680603 29
1651004810495 0.6683636903762817 30
1651004810498 0.6678359508514404 31
1651004810501 0.6672035455703735 32
1651004810508 0.6664710640907288 33
1651004810510 0.6657125949859619 34
1651004810512 0.6649566292762756 35
1651004810515 0.6641475558280945 36
1651004810518 0.6632384657859802 37
1651004810522 0.6622878909111023 38
1651004810526 0.6612982749938965 39
1651004810530 0.6602178812026978 40
1651004810532 0.6590266227722168 41
1651004810535 0.6577508449554443 42
1651004810541 0.6563705205917358 43
1651004810545 0.6548547148704529 44
1651004810549 0.6531960964202881 45
1651004810556 0.6513573527336121 46
1651004810559 0.6493384838104248 47
1651004810562 0.6470431685447693 48
1651004810565 0.6444810032844543 49
1651004810568 0.641660749912262 50
1651004810571 0.6392813324928284 51
1651004810578 0.6407753825187683 52
1651004810580 0.6365094184875488 53
1651004810583 0.6322830319404602 54
1651004810584 0.6275185346603394 55
1651004810598 0.6196447610855103 56
1651004810603 0.6126971244812012 57
1651004810605 0.6065860390663147 58
1651004810609 0.6225051283836365 59
1651004810612 0.6080840229988098 60
1651004810615 0.6027311682701111 61
1651004810617 0.5913105607032776 62
1651004810622 0.5871358513832092 63
1651004810626 0.5732696056365967 64
1651004810628 0.5711225271224976 65
1651004810632 0.5469728708267212 66
1651004810635 0.5530117750167847 67
1651004810638 0.5341348052024841 68
1651004810640 0.5032862424850464 69
