1650990025555 0.700832045558608 1
1650990025557 0.697730608912178 2
1650990025559 0.6958732266565819 3
1650990025562 0.6871973225921938 4
1650990025564 0.6832029607706455 5
1650990025567 0.680663634787549 6
1650990025569 0.6755139227315183 7
1650990025571 0.6691802165883801 8
1650990025573 0.6574503224847954 9
1650990025575 0.63562962663916 10
1650990025578 0.6028555865252848 11
1650990025581 0.53174663572521 12
1650990025583 0.4133792342720451 13
1650990025585 0.31397148486458776 14
1650990025587 0.22100776128279856 15
1650990025588 0.17994758530414148 16
1650990025589 0.1521650960484704 17
1650990025591 0.14448159299927316 18
1650990025592 0.13718692164172183 19
1650990025593 0.13901573785277077 20
1650990025594 0.1427840145079644 21
1650990025595 0.14365023942220778 22
1650990025597 0.13541796874432338 23
1650990025627 0.1393843453118216 24
1650990025629 0.13269217978248665 25
1650990025631 0.1297906216220323 26
1650990025634 0.12876341000690564 27
1650990025646 0.12645735449734188 28
1650990025648 0.12611689368065024 29
1650990025650 0.12420029103100955 30
1650990025652 0.1247702989822779 31
1650990025657 0.145381388428447 32
1650990025659 0.13672812719703156 33
1650990025661 0.13265272535574743 34
1650990025663 0.12387727593982613 35
1650990025665 0.11608510262472725 36
1650990025675 0.11639420366112566 37
1650990025677 0.1183836600118941 38
1650990025679 0.11270011170006497 39
1650990025680 0.11986008886889224 40
1650990025682 0.12015014040819455 41
1650990025683 0.11038139598928529 42
1650990025684 0.11299970680540734 43
1650990025685 0.12145333063034784 44
1650990025686 0.11403701661816447 45
1650990025688 0.12427186496528514 46
1650990025689 0.12321550677438359 47
1650990025690 0.12257206835698732 48
1650990025691 0.11266143134225419 49
1650990025693 0.10672364097375137 50
1650990025694 0.10391911100118588 51
1650990025695 0.10587087440075892 52
1650990025696 0.118510738943086 53
1650990025698 0.10970212606501667 54
1650990025701 0.12521891241326874 55
1650990025703 0.13708038185978985 56
1650990025706 0.13772801948445185 57
1650990025709 0.11270425640619718 58
1650990025711 0.1070079090885627 59
1650990025713 0.10311216077743432 60
1650990025715 0.11964512627312551 61
1650990025717 0.11034783950218788 62
1650990025719 0.1015659450611352 63
1650990025720 0.10037560878328351 64
1650990025721 0.10176287700623383 65
1650990025723 0.10903992861400157 66
1650990025724 0.10416941382946113 67
1650990025726 0.10314845576227366 68
1650990025727 0.1037728671298359 69
1650990025729 0.09921548736619425 70
1650990025730 0.098859172723778 71
1650990025731 0.1023282603029803 72
1650990025732 0.10026494069741322 73
1650990025733 0.10696889113484721 74
1650990025735 0.10745151444669171 75
1650990025736 0.11136335265505445 76
1650990025737 0.10324162635065261 77
1650990025738 0.10030162236192725 78
1650990025739 0.10377757674280977 79
1650990025741 0.10617704503920489 80
1650990025742 0.10217325080991228 81
1650990025743 0.10348843821348289 82
1650990025744 0.1076252532529307 83
