1651003013073 0.6938893578864715 1
1651003013075 0.6923982734645243 2
1651003013080 0.6909141169362889 3
1651003013083 0.6898111135531695 4
1651003013085 0.6878659928237999 5
1651003013087 0.6869122658893739 6
1651003013089 0.6850204048575935 7
1651003013092 0.6834733809306944 8
1651003013095 0.682262930459592 9
1651003013099 0.6772380047665411 10
1651003013102 0.681212611250825 11
1651003013104 0.675086450445783 12
1651003013108 0.6682797729314028 13
1651003013114 0.662783335853409 14
1651003013119 0.653967043419024 15
1651003013125 0.6390067559458834 16
1651003013129 0.610077610819331 17
1651003013131 0.5747377352836804 18
1651003013133 0.498393626330973 19
1651003013136 0.44808745842713577 20
1651003013138 0.35924407621443055 21
1651003013140 0.23350389143486164 22
1651003013142 0.17242337250229203 23
1651003013146 0.15496552981190628 24
1651003013165 0.13116603865946605 25
1651003013166 0.12286268382063716 26
1651003013168 0.13301606132433966 27
1651003013170 0.13039802219514007 28
1651003013173 0.11033161513971322 29
1651003013175 0.10989613185599173 30
1651003013176 0.10648026653043516 31
1651003013178 0.10699698691948867 32
1651003013180 0.10666459727854956 33
1651003013183 0.10792779611362206 34
1651003013185 0.11465070795117717 35
1651003013188 0.11505894180073406 36
1651003013190 0.1138118020780794 37
1651003013193 0.10973416951113131 38
1651003013197 0.11472877095907162 39
1651003013200 0.13834929788287306 40
1651003013258 0.15104279265953943 41
1651003013261 0.13603351169671768 42
1651003013267 0.13164335129025218 43
1651003013271 0.1281450323678635 44
1651003013275 0.11531035664863203 45
1651003013280 0.11356765525790798 46
1651003013284 0.10094297647257865 47
1651003013292 0.11060557271534707 48
1651003013309 0.11761748876709205 49
1651003013317 0.11234556625668819 50
1651003013327 0.12751290163932702 51
1651003013332 0.12088168251427102 52
1651003013334 0.10195764626338805 53
1651003013336 0.10298732878305973 54
1651003013339 0.10073029007012155 55
1651003013341 0.1054068610290468 56
1651003013378 0.09891265155849877 57
1651003013381 0.10099727503491408 58
1651003013384 0.09897336339230066 59
1651003013386 0.10217919170638144 60
1651003013388 0.10198923743469811 61
1651003013389 0.10353003120247697 62
1651003013391 0.11242599179456522 63
1651003013393 0.12019549293832464 64
1651003013396 0.1293845779293186 65
1651003013398 0.11940385679622273 66
1651003013401 0.11664592111722016 67
1651003013404 0.10674933177647573 68
1651003013413 0.10019792900198982 69
1651003013416 0.1133041494549849 70
1651003013419 0.10917203848833566 71
1651003013421 0.12882289104845934 72
1651003013431 0.12199159722515951 73
1651003013460 0.10793215021381884 74
1651003013463 0.11002272793224879 75
1651003013465 0.10135995159983198 76
1651003013468 0.10116612949432471 77
1651003013470 0.10151241654223138 78
1651003013472 0.1127303353759832 79
1651003013474 0.10536279444729452 80
1651003013476 0.09899280861620502 81
