1650989496231 0.6949093132228642 1
1650989496233 0.6912261955030672 2
1650989496235 0.6866572152127276 3
1650989496237 0.6829185839537736 4
1650989496240 0.6832978908832257 5
1650989496242 0.6757989680810725 6
1650989496245 0.6770634118453923 7
1650989496247 0.6717896313021035 8
1650989496249 0.6609743058463156 9
1650989496251 0.6504141753846473 10
1650989496254 0.6349600435613276 11
1650989496256 0.6130771486313789 12
1650989496257 0.5829151988902808 13
1650989496258 0.5308083033823705 14
1650989496259 0.4980189852662139 15
1650989496260 0.47480101823370097 16
1650989496262 0.4187017037318303 17
1650989496263 0.38210426887749754 18
1650989496264 0.4068193501168555 19
1650989496265 0.3663096716115763 20
1650989496267 0.30636318568344956 21
1650989496268 0.29303041351583853 22
1650989496269 0.2834778257778713 23
1650989496270 0.26139497211127927 24
1650989496271 0.25614370482090193 25
1650989496273 0.26159273382726606 26
1650989496274 0.24191996378776354 27
1650989496275 0.23446778063372378 28
1650989496276 0.24881354028925354 29
1650989496278 0.22948142198415902 30
1650989496279 0.2579567072155711 31
1650989496280 0.22853422252249805 32
1650989496281 0.2388590178537718 33
1650989496283 0.24700893379829741 34
1650989496286 0.271886116309917 35
1650989496288 0.2099601243223463 36
1650989496290 0.22640546845210777 37
1650989496293 0.20282542181539012 38
1650989496295 0.20200824235385154 39
1650989496297 0.20222223514602297 40
1650989496299 0.195527787173624 41
1650989496302 0.1938760533874288 42
1650989496304 0.18895260514793816 43
1650989496306 0.19029867741869483 44
1650989496308 0.19737502015553987 45
1650989496311 0.2228018337444508 46
1650989496313 0.18878131733709202 47
1650989496317 0.19265190591087272 48
1650989496319 0.18103809190757109 49
1650989496322 0.20528964201609293 50
1650989496324 0.224036333215979 51
1650989496326 0.18855108948417634 52
1650989496328 0.21369909465094625 53
1650989496330 0.1836181877951919 54
1650989496332 0.1837952358600421 55
1650989496334 0.19864418655088095 56
1650989496336 0.2151468821388461 57
1650989496343 0.1944380692946605 58
1650989496345 0.1705321064252993 59
1650989496347 0.18347016686484927 60
1650989496350 0.1914747451797073 61
1650989496352 0.17260842756692307 62
1650989496355 0.1688158508840498 63
1650989496357 0.17992429320628828 64
1650989496359 0.17876862158705464 65
1650989496361 0.16712380869266313 66
1650989496364 0.17127068007822002 67
1650989496366 0.1673673010898597 68
1650989496368 0.19769602833868383 69
1650989496369 0.17779485259082292 70
1650989496371 0.17963175726679217 71
1650989496372 0.17001989767664955 72
1650989496373 0.16701891750861436 73
1650989496375 0.1620215160069448 74
1650989496376 0.17406878284700625 75
1650989496378 0.16324863530995645 76
1650989496379 0.18517614742775104 77
1650989496380 0.173747270098536 78
1650989496382 0.18641987159138634 79
1650989496384 0.2612965249971592 80
1650989496387 0.28877926134801174 81
1650989496398 0.2167185141599222 82
1650989496400 0.168679463885206 83
1650989496403 0.17092366827713265 84
1650989496405 0.17261301335834323 85
1650989496407 0.1714852708272445 86
1650989496411 0.20337515812872092 87
1650989496413 0.22196855638926719 88
1650989496415 0.16515157036073916 89
1650989496418 0.1647448874873556 90
1650989496420 0.17671645626480326 91
