1651006880984 0.6913007886418493 1
1651006880987 0.6925888070256718 2
1651006880990 0.6939313734844054 3
1651006880993 0.6872434107375233 4
1651006880996 0.6856450263833825 5
1651006880998 0.6805299310893803 6
1651006881000 0.6807958029565357 7
1651006881003 0.6783593373420911 8
1651006881006 0.6762071701633188 9
1651006881008 0.6710021945583078 10
1651006881011 0.6680286384764171 11
1651006881014 0.6653884234445873 12
1651006881017 0.6629772529060587 13
1651006881020 0.6592135861679748 14
1651006881023 0.648189575462551 15
1651006881026 0.645534506647578 16
1651006881028 0.6349860486530122 17
1651006881031 0.6249697721484817 18
1651006881034 0.6197208766535525 19
1651006881037 0.6093358711881952 20
1651006881044 0.6074373257029188 21
1651006881049 0.5878306963504889 22
1651006881052 0.579588668687003 23
1651006881055 0.5726458749054989 24
1651006881057 0.5688416746073154 25
1651006881060 0.545200642648634 26
1651006881062 0.5357878061877939 27
1651006881065 0.5265006868393867 28
1651006881067 0.5202432290101663 29
1651006881069 0.5111248064172137 30
1651006881071 0.5167259298838102 31
1651006881073 0.4940788095250671 32
1651006881075 0.4896904491024576 33
1651006881077 0.4787223832511203 34
1651006881080 0.47121738808932323 35
1651006881082 0.46125750227288886 36
1651006881085 0.4421281424852518 37
1651006881088 0.43991773272608664 38
1651006881092 0.4369145629606841 39
1651006881095 0.4265968116211804 40
1651006881097 0.413837194442749 41
1651006881100 0.4071549061453823 42
1651006881102 0.40295168648272645 43
1651006881106 0.3919005424548418 44
1651006881109 0.38746011813918313 45
1651006881113 0.39038164635280986 46
1651006881115 0.3899101762326209 47
1651006881119 0.37690363142079925 48
1651006881121 0.36812149648701314 49
1651006881125 0.36319723026656403 50
1651006881127 0.3664143905316517 51
1651006881130 0.35277010069225295 52
1651006881132 0.3500662104332403 53
1651006881135 0.3484391534066462 54
1651006881137 0.3364598490161337 55
1651006881139 0.33253516742598005 56
1651006881142 0.3294668374480782 57
1651006881149 0.3285830076579209 58
1651006881152 0.3241064191519559 59
1651006881157 0.32258577453784454 60
1651006881160 0.3142433823683323 61
1651006881163 0.32112955228312984 62
1651006881166 0.3070767152877081 63
1651006881169 0.3053935943069039 64
1651006881171 0.3038641116121313 65
1651006881174 0.299444800003981 66
1651006881176 0.29955259336656703 67
1651006881178 0.29434646267594 68
1651006881181 0.29267874578416564 69
1651006881183 0.2926862452711378 70
1651006881185 0.28916627146822194 71
1651006881188 0.2878838944566119 72
1651006881190 0.3008419691206335 73
1651006881193 0.29271836256806233 74
1651006881195 0.29325380604782386 75
1651006881197 0.29451683709472964 76
1651006881200 0.2896912192905342 77
1651006881202 0.2713856735290625 78
1651006881205 0.27204818079323123 79
1651006881207 0.2769760439793269 80
1651006881210 0.26999570249201177 81
1651006881212 0.27001042156429084 82
1651006881214 0.2696122791304256 83
1651006881217 0.2656727917901762 84
1651006881219 0.27370908092229795 85
1651006881221 0.28229258479652825 86
1651006881224 0.27303855006511396 87
1651006881226 0.28716891894847046 88
1651006881228 0.2729664598847484 89
1651006881230 0.26287637852923773 90
1651006881232 0.25464344384906057 91
1651006881234 0.2540213181858971 92
1651006881237 0.2609438915829082 93
1651006881240 0.2506656227531014 94
1651006881248 0.25610215203229325 95
1651006881262 0.24899361443606924 96
1651006881264 0.254870994077934 97
1651006881268 0.25259473090206747 98
1651006881270 0.24975304381969649 99
1651006881272 0.25120281054205074 100
1651006881276 0.24686275580863812 101
1651006881278 0.24749761956296998 102
1651006881280 0.24099981009741842 103
1651006881282 0.23909543465563665 104
1651006881285 0.24943591081179106 105
1651006881288 0.2414091809110327 106
1651006881291 0.23891808229051667 107
1651006881293 0.23574533572782091 108
1651006881298 0.23791567582787174 109
1651006881327 0.2387771698144766 110
1651006881329 0.24095776884547082 111
1651006881332 0.23570051205245565 112
1651006881334 0.24272378252976107 113
1651006881337 0.24666899229798997 114
1651006881340 0.2440501714036578 115
1651006881437 0.24941925628063005 116
1651006881439 0.23161896484675426 117
1651006881443 0.23083204811527616 118
1651006881469 0.23949426063251145 119
1651006881471 0.2504609854885073 120
1651006881476 0.2625335158555062 121
1651006881481 0.24123774605356293 122
1651006881484 0.23368458651797674 123
