1650987069973 0.6957911252975464 1
1650987069974 0.6916029044996688 2
1650987069976 0.6864804848209842 3
1650987069978 0.6853886412613558 4
1650987069979 0.6807258537400773 5
1650987069980 0.6807255314819979 6
1650987069981 0.6716607060187902 7
1650987069983 0.6599216681696993 8
1650987069984 0.6355101835160029 9
1650987069985 0.5895926384698778 10
1650987069987 0.50405370927119 11
1650987069989 0.37635490254604775 12
1650987069991 0.25101268679012745 13
1650987069993 0.1775245848811153 14
1650987069994 0.16660360118626674 15
1650987069996 0.16445458486621634 16
1650987069997 0.14057768160825249 17
1650987069998 0.14354524436669472 18
1650987070000 0.14978239494256484 19
1650987070001 0.14317828225783813 20
1650987070003 0.1356936168648821 21
1650987070005 0.13417504787881732 22
1650987070007 0.132574696462233 23
1650987070008 0.14402266683213877 24
1650987070009 0.1320275479975419 25
1650987070011 0.1423723999506388 26
1650987070012 0.13341417744919493 27
1650987070014 0.13387181487057234 28
1650987070015 0.14096848874083368 29
1650987070017 0.1468622910179498 30
1650987070021 0.14297586564834303 31
1650987070023 0.13118060822888608 32
1650987070026 0.12871785388215556 33
1650987070027 0.12424586686022553 34
1650987070029 0.12152280835878282 35
1650987070030 0.12471413918030567 36
1650987070031 0.12971663365870606 37
1650987070034 0.12831689021635406 38
1650987070035 0.12211821116370596 39
1650987070038 0.12563101971869942 40
1650987070041 0.12087224639488227 41
1650987070042 0.12033222045326408 42
1650987070045 0.11770370024027842 43
1650987070047 0.1294031106072031 44
1650987070049 0.1306968857926545 45
1650987070051 0.13066398824527586 46
1650987070053 0.13734306105763922 47
1650987070055 0.12949802030573834 48
1650987070057 0.12014423949377877 49
1650987070058 0.11389877398808797 50
1650987070059 0.11632706784394198 51
1650987070061 0.11433155878341242 52
1650987070062 0.11732087628199504 53
1650987070064 0.12160823617007706 54
1650987070065 0.12429781053419951 55
1650987070067 0.10790255589362903 56
1650987070069 0.11055540623682322 57
1650987070071 0.10944649443412438 58
1650987070072 0.10518657500708933 59
1650987070073 0.11325699778703543 60
1650987070075 0.11193843491566487 61
1650987070076 0.11011424565162414 62
1650987070077 0.10653599698246617 63
1650987070079 0.10397888679098297 64
1650987070080 0.10863681484163899 65
1650987070081 0.1056275419590674 66
1650987070083 0.10909845604946762 67
1650987070084 0.10893616396865566 68
1650987070085 0.10245513116374558 69
1650987070087 0.10282709744277892 70
1650987070088 0.10171784466002887 71
1650987070090 0.10322741045183315 72
1650987070091 0.09955162437625857 73
1650987070093 0.09805641890991301 74
1650987070094 0.09891757240771373 75
1650987070095 0.10740870152746801 76
1650987070097 0.10353010505328684 77
1650987070098 0.10224034192361238 78
1650987070100 0.10950583514276442 79
1650987070102 0.10327213579590941 80
1650987070104 0.10044503763263479 81
1650987070106 0.09693775740844426 82
1650987070109 0.09714219165153992 83
1650987070111 0.09942791979391497 84
1650987070114 0.09719951952988412 85
1650987070116 0.09645384610135914 86
1650987070118 0.09894766235526228 87
