1650992138181 0.6942726969718933 1
1650992138184 0.6787097454071045 2
1650992138187 0.6802669167518616 3
1650992138189 0.6816167235374451 4
1650992138192 0.6801719665527344 5
1650992138195 0.677911639213562 6
1650992138197 0.6764608025550842 7
1650992138200 0.6763603687286377 8
1650992138202 0.6769152879714966 9
1650992138207 0.6769316792488098 10
1650992138210 0.6761332750320435 11
1650992138212 0.6751700639724731 12
1650992138243 0.674418032169342 13
1650992138246 0.6740806102752686 14
1650992138249 0.6739984154701233 15
1650992138256 0.6738547682762146 16
1650992138258 0.6734892129898071 17
1650992138263 0.672955334186554 18
1650992138292 0.6723967790603638 19
1650992138304 0.6718675494194031 20
1650992138332 0.671609103679657 21
1650992138337 0.6713422536849976 22
1650992138342 0.6709877252578735 23
1650992138358 0.6705055236816406 24
1650992138360 0.6699463725090027 25
1650992138363 0.6694220900535583 26
1650992138366 0.6689714789390564 27
1650992138368 0.668555736541748 28
1650992138372 0.6680847406387329 29
1650992138374 0.6675366759300232 30
1650992138376 0.6669420003890991 31
1650992138379 0.6663611531257629 32
1650992138383 0.6658210158348083 33
1650992138385 0.6652531027793884 34
1650992138388 0.6646270751953125 35
1650992138390 0.6639282703399658 36
1650992138392 0.663227915763855 37
1650992138395 0.6625152826309204 38
1650992138399 0.6617845892906189 39
1650992138401 0.6610000133514404 40
1650992138403 0.6601831316947937 41
1650992138409 0.6593529582023621 42
1650992138422 0.6584917306900024 43
1650992138425 0.6575767993927002 44
1650992138428 0.6565991640090942 45
1650992138474 0.6555780172348022 46
1650992138477 0.6545166373252869 47
1650992138479 0.6534023284912109 48
1650992138489 0.652214765548706 49
1650992138491 0.6509622931480408 50
1650992138493 0.6496542692184448 51
1650992138497 0.6482830047607422 52
1650992138501 0.6468555331230164 53
1650992138504 0.6453498005867004 54
1650992138507 0.6437747478485107 55
1650992138510 0.6421235203742981 56
1650992138513 0.6403773427009583 57
1650992138515 0.6385473608970642 58
1650992138519 0.6366103887557983 59
1650992138527 0.6345816850662231 60
1650992138533 0.6324292421340942 61
1650992138535 0.6301597952842712 62
1650992138538 0.6277657151222229 63
1650992138539 0.62522953748703 64
1650992138542 0.6225643157958984 65
1650992138545 0.6199452877044678 66
1650992138547 0.6169339418411255 67
1650992138549 0.6136500835418701 68
1650992138551 0.6103020906448364 69
1650992138554 0.6068190336227417 70
1650992138563 0.6029177904129028 71
1650992138566 0.5987731218338013 72
1650992138568 0.5944022536277771 73
1650992138571 0.5907557010650635 74
1650992138573 0.5909672379493713 75
1650992138577 0.5948095917701721 76
1650992138579 0.5787670612335205 77
1650992138586 0.5853946805000305 78
1650992138588 0.5689190030097961 79
