1651002458909 0.696228876000359 1
1651002458911 0.6921622921258975 2
1651002458912 0.6915591551270677 3
1651002458914 0.6907625532412267 4
1651002458915 0.6901130313838358 5
1651002458917 0.6895218904201801 6
1651002458919 0.6884483452681657 7
1651002458921 0.6880831340730409 8
1651002458924 0.6860670377483298 9
1651002458926 0.6841504368589911 10
1651002458928 0.6812903793740185 11
1651002458931 0.6774915533188062 12
1651002458933 0.6756719390114585 13
1651002458934 0.6671679393275753 14
1651002458936 0.6585499480530456 15
1651002458939 0.650122242969471 16
1651002458941 0.6180104613304138 17
1651002458943 0.5569268006544846 18
1651002458946 0.4926642664186247 19
1651002458948 0.3676259095197196 20
1651002458950 0.29358044479574474 21
1651002458953 0.23429611652762025 22
1651002458955 0.17117017802301343 23
1651002458956 0.14248767511530236 24
1651002458958 0.13671710050149716 25
1651002458959 0.12536963372876792 26
1651002458961 0.11796981456515553 27
1651002458963 0.11929981830792549 28
1651002458965 0.1589078555504481 29
1651002458966 0.12186637575373108 30
1651002458968 0.11296536437757723 31
1651002458970 0.11292242310641012 32
1651002458971 0.10438772075342172 33
1651002458973 0.10573736119728822 34
1651002458974 0.10154871588006562 35
1651002458976 0.11046664946245187 36
1651002458978 0.10967990990741786 37
1651002458981 0.11660668027379137 38
1651002458983 0.09985426425824671 39
1651002458986 0.10156216730292027 40
1651002458988 0.0985103020301232 41
1651002458990 0.10976151183192984 42
1651002458993 0.10801825950761418 43
1651002458995 0.1052250536261024 44
1651002458998 0.10063963653622093 45
1651002459000 0.09730822124924415 46
1651002459002 0.09936183172486204 47
1651002459005 0.10339078520025526 48
1651002459007 0.10077473987917324 49
1651002459010 0.10506341216110048 50
1651002459012 0.11185450759126153 51
1651002459015 0.11710024166565675 52
1651002459018 0.11790348245547368 53
1651002459020 0.10992368237002866 54
1651002459023 0.1224341503047681 55
1651002459025 0.11476280356010238 56
1651002459028 0.10427644453096739 57
1651002459030 0.10056214787802853 58
1651002459033 0.10116813623861516 59
1651002459036 0.09452773221246488 60
1651002459038 0.09486499567935755 61
1651002459041 0.103352984556785 62
1651002459043 0.09582171531823966 63
1651002459046 0.10758928362375651 64
1651002459049 0.10607879278642354 65
1651002459052 0.09933973177448734 66
1651002459054 0.10317289309350999 67
1651002459056 0.10689298753991669 68
1651002459060 0.11805973390301505 69
1651002459064 0.11803804649101508 70
1651002459066 0.11509741135896781 71
1651002459069 0.10488964519002936 72
1651002459072 0.09682738071396238 73
1651002459074 0.09768591436383488 74
1651002459078 0.10140936518763448 75
1651002459080 0.11564181644073773 76
1651002459084 0.09148978971408837 77
1651002459086 0.09152877139739501 78
1651002459089 0.11633360440477783 79
1651002459091 0.10513064071481482 80
1651002459094 0.1039794732035298 81
1651002459097 0.09231947294194183 82
1651002459100 0.09680514715802975 83
1651002459103 0.097848297448167 84
