1650991648872 0.7312808632850647 1
1650991648876 0.68544602394104 2
1650991648878 0.6811674237251282 3
1650991648880 0.6868095993995667 4
1650991648882 0.6884838342666626 5
1650991648885 0.686152994632721 6
1650991648887 0.6825186610221863 7
1650991648980 0.6796152591705322 8
1650991648985 0.6784102320671082 9
1650991648989 0.678632915019989 10
1650991648993 0.6793802380561829 11
1650991648995 0.6798535585403442 12
1650991648997 0.6797321438789368 13
1650991649000 0.6790977716445923 14
1650991649004 0.6781714558601379 15
1650991649007 0.6772655248641968 16
1650991649009 0.6766254305839539 17
1650991649011 0.676322340965271 18
1650991649014 0.6762888431549072 19
1650991649017 0.6763454675674438 20
1650991649020 0.6762244701385498 21
1650991649022 0.6758866906166077 22
1650991649025 0.6754254698753357 23
1650991649027 0.6750216484069824 24
1650991649029 0.6746866703033447 25
1650991649031 0.6744722127914429 26
1650991649034 0.6743279695510864 27
1650991649036 0.674167811870575 28
1650991649039 0.6739686727523804 29
1650991649041 0.6736830472946167 30
1650991649054 0.6733168363571167 31
1650991649056 0.672916054725647 32
1650991649076 0.6725567579269409 33
1650991649080 0.6722499132156372 34
1650991649083 0.6719831824302673 35
1650991649090 0.6716845631599426 36
1650991649092 0.6713431477546692 37
1650991649095 0.6709665060043335 38
1650991649097 0.6705509424209595 39
1650991649107 0.6701622605323792 40
1650991649112 0.6697837710380554 41
1650991649117 0.669396162033081 42
1650991649123 0.6689800024032593 43
1650991649126 0.6685176491737366 44
1650991649131 0.6680185198783875 45
1650991649133 0.667504072189331 46
1650991649135 0.6669809222221375 47
1650991649138 0.6664441227912903 48
1650991649143 0.6658726334571838 49
1650991649145 0.665262758731842 50
1650991649147 0.6646149754524231 51
