1650991860960 0.6942977905273438 1
1650991860963 0.6805129647254944 2
1650991860965 0.6842018961906433 3
1650991860972 0.6829482316970825 4
1650991860974 0.6793776154518127 5
1650991860976 0.6775094866752625 6
1650991860978 0.6778780221939087 7
1650991860980 0.6787257194519043 8
1650991860982 0.678457498550415 9
1650991860985 0.6771960258483887 10
1650991860987 0.6758716106414795 11
1650991860989 0.675188422203064 12
1650991860992 0.6751238703727722 13
1650991860995 0.675123393535614 14
1650991861053 0.674798846244812 15
1650991861059 0.6740326881408691 16
1650991861061 0.6732274889945984 17
1650991861064 0.6726765632629395 18
1650991861069 0.672427773475647 19
1650991861072 0.6722232699394226 20
1650991861074 0.6718183755874634 21
1650991861078 0.6711691617965698 22
1650991861081 0.6704871654510498 23
1650991861083 0.6699469685554504 24
1650991861089 0.6695475578308105 25
1650991861091 0.6691405177116394 26
1650991861093 0.6685706377029419 27
1650991861096 0.6678943634033203 28
1650991861098 0.6672446131706238 29
1650991861100 0.6666740775108337 30
1650991861103 0.6661006808280945 31
1650991861105 0.6654654741287231 32
1650991861108 0.6647477746009827 33
1650991861110 0.6640074849128723 34
1650991861112 0.6632850766181946 35
1650991861118 0.6625558733940125 36
1650991861122 0.6617441773414612 37
1650991861125 0.6608808636665344 38
1650991861128 0.6600103974342346 39
1650991861130 0.6591268181800842 40
1650991861134 0.6581777334213257 41
1650991861138 0.6571658253669739 42
1650991861140 0.656143069267273 43
1650991861142 0.6550395488739014 44
1650991861144 0.6539151668548584 45
1650991861147 0.6527441740036011 46
1650991861150 0.6515236496925354 47
1650991861152 0.6502418518066406 48
1650991861155 0.6488968729972839 49
1650991861157 0.6475008726119995 50
1650991861161 0.6460471749305725 51
1650991861163 0.6445284485816956 52
1650991861165 0.6429601311683655 53
1650991861168 0.6413194537162781 54
1650991861170 0.6396121978759766 55
1650991861173 0.6378432512283325 56
1650991861175 0.6360023617744446 57
1650991861177 0.6340981721878052 58
1650991861180 0.6321080327033997 59
1650991861182 0.6300475001335144 60
1650991861185 0.627913236618042 61
1650991861188 0.6257001757621765 62
1650991861190 0.6234255433082581 63
1650991861192 0.6210548877716064 64
1650991861195 0.6186205148696899 65
1650991861198 0.6161109805107117 66
1650991861203 0.6135138273239136 67
1650991861208 0.6108623743057251 68
1650991861211 0.6081234216690063 69
1650991861213 0.6053467392921448 70
1650991861265 0.6024557948112488 71
1650991861271 0.5995137095451355 72
1650991861275 0.596497654914856 73
1650991861278 0.5934054255485535 74
1650991861282 0.5902382731437683 75
1650991861285 0.5870081186294556 76
1650991861288 0.5837069153785706 77
1650991861290 0.5803238749504089 78
1650991861293 0.576879620552063 79
1650991861296 0.5733789801597595 80
1650991861303 0.5698624849319458 81
1650991861309 0.566316545009613 82
1650991861332 0.5628159642219543 83
1650991861336 0.5591373443603516 84
1650991861343 0.555421769618988 85
1650991861387 0.5516538023948669 86
1650991861398 0.547895073890686 87
1650991861401 0.5441035032272339 88
1650991861403 0.5403217077255249 89
1650991861408 0.5365199446678162 90
1650991861411 0.5328279137611389 91
1650991861413 0.5296105146408081 92
1650991861416 0.5274869799613953 93
1650991861418 0.5254293084144592 94
1650991861422 0.5190382599830627 95
1650991861436 0.5152227878570557 96
1650991861438 0.5139637589454651 97
1650991861440 0.5089161992073059 98
1650991861442 0.5052608251571655 99
1650991861445 0.5035346746444702 100
1650991861448 0.49898427724838257 101
