1650997729460 0.691957603880774 1
1650997729462 0.6882651980979976 2
1650997729464 0.6837527142776237 3
1650997729466 0.6842337532357855 4
1650997729468 0.683411310007284 5
1650997729470 0.6750954548954528 6
1650997729472 0.6749317530310635 7
1650997729473 0.6663002902334862 8
1650997729474 0.6601854676292056 9
1650997729476 0.6579794447063964 10
1650997729478 0.6490346769710164 11
1650997729479 0.6424495335463639 12
1650997729481 0.629346890982254 13
1650997729482 0.6155865168396807 14
1650997729484 0.6007908063057141 15
1650997729486 0.6015491044564998 16
1650997729488 0.5800599789881444 17
1650997729489 0.5681187993004209 18
1650997729491 0.5787106645412934 19
1650997729493 0.556665498149264 20
1650997729495 0.5622514230864388 21
1650997729497 0.5357684947195507 22
1650997729498 0.5263129929046491 23
1650997729500 0.5044114431400439 24
1650997729502 0.49012456621442524 25
1650997729504 0.47962736177357124 26
1650997729506 0.4676523030677558 27
1650997729508 0.46042152005674203 28
1650997729510 0.4507497473732456 29
1650997729513 0.4595171325591021 30
1650997729515 0.43577729422094186 31
1650997729517 0.42601980143414314 32
1650997729519 0.4231912827753759 33
1650997729522 0.4174096200055692 34
1650997729524 0.42537101786651893 35
1650997729526 0.4035218602571732 36
1650997729528 0.39557482122064946 37
1650997729529 0.37929758746108727 38
1650997729531 0.37543341441032213 39
1650997729532 0.3680418042036203 40
1650997729534 0.36112842902595743 41
1650997729535 0.3563614573889163 42
1650997729537 0.3831474330180731 43
1650997729538 0.35103227083499616 44
1650997729539 0.3388945855500497 45
1650997729540 0.33913900433005867 46
1650997729542 0.33391852813325956 47
1650997729543 0.326045865104312 48
1650997729544 0.34301441798716675 49
1650997729546 0.32875363774352023 50
1650997729547 0.31915358167428237 51
1650997729548 0.31451432281361397 52
1650997729550 0.3108220502133771 53
1650997729551 0.3083083579391787 54
1650997729553 0.3122993074493967 55
1650997729555 0.30259805622991626 56
1650997729574 0.30219500154365986 57
1650997729576 0.3103874845382495 58
1650997729578 0.29401157081345497 59
1650997729581 0.28863391749588124 60
1650997729583 0.2851838039391207 61
1650997729585 0.29209331977061737 62
1650997729587 0.28485501336527397 63
1650997729589 0.2806280053360558 64
1650997729591 0.2796138114544935 65
1650997729592 0.27748659133037806 66
1650997729595 0.2739436495435107 67
1650997729598 0.28658346171344157 68
1650997729602 0.2786226758371779 69
1650997729604 0.2674896986711593 70
1650997729606 0.27693973836444674 71
1650997729608 0.29355266515588585 72
1650997729611 0.2727080488052124 73
1650997729613 0.2609008831200582 74
1650997729615 0.2591776139351911 75
1650997729618 0.2554994700374184 76
1650997729622 0.2566061541711018 77
1650997729633 0.27270310473092746 78
1650997729634 0.2766117022369371 79
1650997729636 0.2878508068921365 80
1650997729637 0.2699950675824623 81
1650997729638 0.25588168351204843 82
1650997729640 0.25268195247475483 83
1650997729642 0.25363470935996196 84
1650997729643 0.2675657163718681 85
1650997729645 0.26778845942064083 86
1650997729648 0.24193354294850275 87
1650997729649 0.24431301778926082 88
1650997729651 0.2438165354423034 89
1650997729652 0.24643892917659257 90
1650997729655 0.23926491975347638 91
1650997729658 0.258487275996051 92
1650997729665 0.2515578116034413 93
1650997729668 0.2517763573826451 94
1650997729670 0.24486083114321852 95
1650997729672 0.2348502483014222 96
1650997729674 0.23352403147316678 97
1650997729676 0.2355628110222764 98
1650997729678 0.23744260260473676 99
1650997729682 0.2602359767143543 100
1650997729684 0.2701241236466628 101
1650997729686 0.2308907193360311 102
1650997729688 0.23774657881521916 103
1650997729691 0.2745472794269031 104
1650997729693 0.2622176752640651 105
