1650991752025 0.6940492391586304 1
1650991752029 0.6804224848747253 2
1650991752033 0.6822174191474915 3
1650991752036 0.6827051043510437 4
1650991752040 0.6808836460113525 5
1650991752057 0.6792455911636353 6
1650991752071 0.6785677075386047 7
1650991752076 0.6787155270576477 8
1650991752081 0.6789153218269348 9
1650991752084 0.6786395907402039 10
1650991752088 0.6779299378395081 11
1650991752094 0.6771190166473389 12
1650991752099 0.6765249967575073 13
1650991752101 0.6763449907302856 14
1650991752105 0.6761482954025269 15
1650991752108 0.6757038831710815 16
1650991752114 0.6752199530601501 17
1650991752122 0.6747490763664246 18
1650991752129 0.6743373870849609 19
1650991752136 0.673987627029419 20
1650991752140 0.6736662983894348 21
1650991752143 0.6733085513114929 22
1650991752148 0.6728708148002625 23
1650991752152 0.6723303198814392 24
1650991752155 0.6718599796295166 25
1650991752158 0.67142254114151 26
1650991752166 0.6709902882575989 27
1650991752211 0.6705215573310852 28
1650991752214 0.6699971556663513 29
1650991752217 0.6694390177726746 30
1650991752224 0.6688908338546753 31
1650991752237 0.6683499217033386 32
1650991752243 0.6677951216697693 33
1650991752247 0.6672005653381348 34
1650991752250 0.6665637493133545 35
1650991752254 0.6659079194068909 36
1650991752258 0.665245771408081 37
1650991752259 0.6645761132240295 38
1650991752263 0.6638595461845398 39
1650991752265 0.6631156206130981 40
1650991752268 0.6623566746711731 41
1650991752271 0.6615670919418335 42
1650991752274 0.6607455015182495 43
1650991752277 0.6598926782608032 44
1650991752280 0.6590073704719543 45
1650991752283 0.658105731010437 46
1650991752285 0.657154381275177 47
1650991752288 0.6561776995658875 48
1650991752290 0.655170202255249 49
1650991752303 0.654121994972229 50
1650991752310 0.653041422367096 51
1650991752316 0.6519184708595276 52
1650991752321 0.6507520079612732 53
1650991752323 0.6495524644851685 54
1650991752325 0.6483085751533508 55
1650991752328 0.6470047235488892 56
1650991752333 0.6456711888313293 57
1650991752354 0.6443013548851013 58
1650991752356 0.6428800821304321 59
1650991752361 0.6414058208465576 60
1650991752365 0.6398950219154358 61
1650991752368 0.6383249759674072 62
1650991752371 0.6367168426513672 63
1650991752373 0.6350541710853577 64
1650991752376 0.6333476305007935 65
1650991752379 0.631591260433197 66
1650991752381 0.6297858357429504 67
1650991752383 0.6279243230819702 68
1650991752385 0.6260067820549011 69
1650991752388 0.6240460276603699 70
1650991752390 0.6220298409461975 71
1650991752393 0.6199526190757751 72
1650991752395 0.6178368330001831 73
1650991752397 0.6156656742095947 74
1650991752400 0.6134291291236877 75
1650991752407 0.6111415028572083 76
1650991752409 0.6087958812713623 77
1650991752411 0.6063965559005737 78
1650991752413 0.6039473414421082 79
1650991752417 0.6014512181282043 80
1650991752425 0.5988859534263611 81
1650991752428 0.5962769985198975 82
1650991752436 0.5936073064804077 83
1650991752442 0.590890109539032 84
1650991752447 0.5881147980690002 85
1650991752453 0.5852777361869812 86
1650991752456 0.5823854804039001 87
1650991752458 0.579433023929596 88
1650991752460 0.57643061876297 89
1650991752463 0.5733760595321655 90
1650991752472 0.5702497959136963 91
1650991752475 0.5670873522758484 92
1650991752478 0.5638619661331177 93
1650991752487 0.5606231689453125 94
1650991752491 0.5573682188987732 95
1650991752495 0.5540732145309448 96
1650991752498 0.5507515668869019 97
1650991752504 0.54780113697052 98
1650991752509 0.5443592071533203 99
1650991752512 0.5403862595558167 100
1650991752515 0.5366712808609009 101
1650991752517 0.5338079333305359 102
1650991752523 0.532605767250061 103
1650991752527 0.5285632014274597 104
1650991752533 0.5230282545089722 105
1650991752552 0.5209072232246399 106
1650991752556 0.5163996815681458 107
1650991752558 0.5119867920875549 108
1650991752560 0.5096474885940552 109
1650991752563 0.5069630742073059 110
1650991752565 0.5030013918876648 111
1650991752567 0.4973868727684021 112
1650991752570 0.4970422089099884 113
1650991752572 0.4910825192928314 114
1650991752578 0.48379701375961304 115
1650991752580 0.4813312888145447 116
