1650996456282 0.6929857027836335 1
1650996456285 0.6883302429220178 2
1650996456287 0.6861842479897943 3
1650996456289 0.6839160786006914 4
1650996456292 0.6781183791247917 5
1650996456294 0.6764073326037481 6
1650996456296 0.6736261988734151 7
1650996456298 0.663663754533062 8
1650996456300 0.6594321179739285 9
1650996456302 0.6567256055472098 10
1650996456305 0.6443559346181569 11
1650996456307 0.6352338229780232 12
1650996456309 0.6279153273655818 13
1650996456311 0.609157151791639 14
1650996456313 0.5970912283156817 15
1650996456316 0.5912505458126138 16
1650996456318 0.5672517172146193 17
1650996456320 0.5784276634345561 18
1650996456322 0.5543047298878541 19
1650996456324 0.561366142589094 20
1650996456327 0.5570900979496184 21
1650996456329 0.5584286691504957 22
1650996456341 0.5165833444385738 23
1650996456343 0.4850436241635473 24
1650996456346 0.45776805401721715 25
1650996456348 0.40628818452576576 26
1650996456350 0.29509626962108054 27
1650996456352 0.18449633363839035 28
1650996456356 0.14151842581046806 29
1650996456366 0.12613429265581208 30
1650996456368 0.1406238391831681 31
1650996456370 0.14544896612237224 32
1650996456373 0.12603087625005743 33
1650996456375 0.12475753780249711 34
1650996456381 0.1235438509956821 35
1650996456383 0.12591421020118307 36
1650996456386 0.1331158114440275 37
1650996456388 0.12735655529922618 38
1650996456391 0.13557421598897312 39
1650996456394 0.13190182816960436 40
1650996456397 0.15154719128931834 41
1650996456400 0.1371727711606375 42
1650996456403 0.12561554393488847 43
1650996456406 0.12971834767432439 44
1650996456409 0.1274738304671787 45
1650996456419 0.13037261710717127 46
1650996456422 0.14723066477985172 47
1650996456424 0.13832791902861752 48
1650996456426 0.12903575266237224 49
1650996456429 0.13241880804627806 50
1650996456431 0.12757300042407416 51
1650996456433 0.13374149624681297 52
1650996456435 0.12618022843267454 53
1650996456437 0.1308148573169778 54
1650996456439 0.1378952274064878 55
1650996456444 0.12720761521831975 56
1650996456446 0.12541834256806217 57
1650996456448 0.13532802972928945 58
1650996456450 0.12789743330889133 59
1650996456472 0.12328866017716271 60
1650996456475 0.13842573166985214 61
1650996456477 0.13941214023492274 62
1650996456486 0.19334845072948015 63
1650996456493 0.15170931761518067 64
1650996456497 0.13168034683435392 65
1650996456499 0.1201577766801848 66
1650996456501 0.12433423977959288 67
1650996456507 0.12083241709204384 68
1650996456513 0.12310925459032093 69
1650996456528 0.12449115637567017 70
1650996456530 0.1431549048876806 71
1650996456533 0.13426962874202064 72
1650996456535 0.1281525330010788 73
1650996456537 0.15251922462776904 74
1650996456539 0.12320279916782519 75
1650996456541 0.12769608472511446 76
1650996456544 0.13464841211125964 77
1650996456546 0.12714669277598134 78
1650996456548 0.12125159658136822 79
1650996456550 0.1230448462041743 80
1650996456552 0.12698659135690538 81
1650996456554 0.12722420689714697 82
1650996456556 0.12916639747418762 83
