1650991709159 0.6878712773323059 1
1650991709162 0.6825116872787476 2
1650991709164 0.6826742887496948 3
1650991709167 0.6795352697372437 4
1650991709170 0.6778967976570129 5
1650991709353 0.6783104538917542 6
1650991709357 0.6783994436264038 7
1650991709360 0.677315890789032 8
1650991709362 0.6760406494140625 9
1650991709365 0.6753376722335815 10
1650991709368 0.675179123878479 11
1650991709407 0.6749880313873291 12
1650991709410 0.674341082572937 13
1650991709412 0.6734643578529358 14
1650991709414 0.6727818250656128 15
1650991709416 0.6722975969314575 16
1650991709419 0.6718746423721313 17
1650991709421 0.6712893843650818 18
1650991709423 0.6705565452575684 19
1650991709457 0.6698723435401917 20
1650991709460 0.6693140268325806 21
1650991709462 0.6687415242195129 22
1650991709466 0.6680248975753784 23
1650991709471 0.6672376394271851 24
1650991709473 0.666492223739624 25
1650991709477 0.6658050417900085 26
1650991709479 0.6650375127792358 27
1650991709483 0.6641330122947693 28
1650991709497 0.6631962060928345 29
1650991709501 0.6622554659843445 30
1650991709510 0.6612851619720459 31
1650991709513 0.6602264642715454 32
1650991709515 0.6591227054595947 33
1650991709519 0.6579958200454712 34
1650991709521 0.6567795276641846 35
1650991709523 0.6554678082466125 36
1650991709525 0.6541467905044556 37
1650991709528 0.6527239680290222 38
1650991709530 0.6511982679367065 39
1650991709533 0.6496166586875916 40
1650991709535 0.6479582786560059 41
1650991709655 0.6461774110794067 42
1650991709662 0.6443201899528503 43
1650991709665 0.6423441767692566 44
1650991709671 0.6402685642242432 45
1650991709674 0.6380842924118042 46
1650991709677 0.6357629895210266 47
1650991709679 0.633323073387146 48
1650991709681 0.630761444568634 49
1650991709684 0.6280269026756287 50
1650991709687 0.6251452565193176 51
1650991709689 0.6220913529396057 52
1650991709693 0.6188626289367676 53
1650991709695 0.6154307723045349 54
1650991709697 0.6117752194404602 55
1650991709699 0.6079080700874329 56
1650991709703 0.6038182973861694 57
1650991709705 0.5994867086410522 58
1650991709707 0.5950666666030884 59
1650991709710 0.59157794713974 60
1650991709804 0.5889167189598083 61
1650991709813 0.5845125913619995 62
1650991709816 0.5759778618812561 63
1650991709820 0.5742735266685486 64
1650991709823 0.5666242837905884 65
1650991709826 0.5617386698722839 66
1650991709831 0.557121217250824 67
1650991709836 0.5483483076095581 68
1650991709851 0.5432979464530945 69
1650991709856 0.5369649529457092 70
1650991709858 0.5275110006332397 71
1650991709860 0.5194641351699829 72
1650991709862 0.5138279795646667 73
1650991709865 0.5172129273414612 74
1650991709896 0.5155655741691589 75
1650991709900 0.49819737672805786 76
1650991709905 0.48038750886917114 77
1650991709908 0.48983749747276306 78
1650991709944 0.4646979570388794 79
1650991709946 0.46154192090034485 80
1650991709950 0.45722708106040955 81
1650991709954 0.4343014359474182 82
1650991709956 0.43439820408821106 83
1650991709959 0.42511650919914246 84
1650991709962 0.40606972575187683 85
1650991709965 0.3946290910243988 86
