1651005238387 0.6883549690246582 1
1651005238389 0.6916716694831848 2
1651005238391 0.6824199557304382 3
1651005238393 0.6788732409477234 4
1651005238395 0.6812071204185486 5
1651005238399 0.6805672645568848 6
1651005238401 0.6777567267417908 7
1651005238405 0.6762563586235046 8
1651005238412 0.6763956546783447 9
1651005238416 0.6764969229698181 10
1651005238425 0.6755601763725281 11
1651005238429 0.6742131114006042 12
1651005238433 0.6734325289726257 13
1651005238437 0.6732990145683289 14
1651005238439 0.673084020614624 15
1651005238442 0.6723406910896301 16
1651005238445 0.671344518661499 17
1651005238450 0.670664370059967 18
1651005238456 0.6701435446739197 19
1651005238458 0.6695818305015564 20
1651005238461 0.6687899827957153 21
1651005238463 0.6679543256759644 22
1651005238468 0.6672627925872803 23
1651005238472 0.666577160358429 24
1651005238475 0.6657450199127197 25
1651005238477 0.6647886633872986 26
1651005238480 0.6639071702957153 27
1651005238484 0.6629123091697693 28
1651005238487 0.6618659496307373 29
1651005238490 0.6607629060745239 30
1651005238492 0.6596019864082336 31
1651005238496 0.658315122127533 32
1651005238498 0.6569406390190125 33
1651005238501 0.6554292440414429 34
1651005238504 0.6537723541259766 35
1651005238506 0.6519545316696167 36
1651005238508 0.6499366760253906 37
1651005238510 0.6476796269416809 38
1651005238512 0.6451351046562195 39
1651005238518 0.6422826647758484 40
1651005238521 0.6395009756088257 41
1651005238524 0.6455976963043213 42
1651005238526 0.6448098421096802 43
1651005238528 0.6456709504127502 44
1651005238530 0.6373081207275391 45
1651005238533 0.6380137801170349 46
1651005238536 0.6346560120582581 47
1651005238538 0.6273324489593506 48
1651005238541 0.6272612810134888 49
1651005238543 0.6211991906166077 50
1651005238545 0.616955041885376 51
1651005238548 0.6132351160049438 52
1651005238551 0.6047746539115906 53
1651005238553 0.6004528403282166 54
1651005238555 0.5898032188415527 55
1651005238559 0.581319272518158 56
1651005238562 0.5662033557891846 57
1651005238565 0.5557475090026855 58
1651005238568 0.676971971988678 59
1651005238571 0.5472153425216675 60
1651005238573 0.5285455584526062 61
1651005238575 0.5339341759681702 62
1651005238577 0.5125278830528259 63
1651005238579 0.5187849402427673 64
1651005238584 0.4944213032722473 65
1651005238589 0.4784364402294159 66
1651005238592 0.4852832853794098 67
1651005238594 0.4878285527229309 68
1651005238596 0.45277199149131775 69
