1650994756677 0.6965089088831192 1
1650994756680 0.6881056508738479 2
1650994756683 0.6906649448496082 3
1650994756685 0.6883548631336226 4
1650994756688 0.6934101160192664 5
1650994756692 0.6895523230671446 6
1650994756696 0.6845173916537246 7
1650994756710 0.6799748212426573 8
1650994756712 0.6799152447627141 9
1650994756716 0.6768923163850665 10
1650994756723 0.6739250565623189 11
1650994756726 0.6723134286237724 12
1650994756728 0.668158118541424 13
1650994756730 0.662945344116225 14
1650994756733 0.6589471071194379 15
1650994756736 0.6572984767047477 16
1650994756738 0.6457936137150495 17
1650994756740 0.637564127261822 18
1650994756743 0.6288477533902878 19
1650994756748 0.6245416337317162 20
1650994756751 0.6137652028174627 21
1650994756753 0.607133727588933 22
1650994756755 0.5930062239860003 23
1650994756757 0.5807946756645873 24
1650994756769 0.5768375477511367 25
1650994756771 0.5577947130570045 26
1650994756775 0.54608569979231 27
1650994756784 0.5479189659649636 28
1650994756789 0.5399573135288643 29
1650994756795 0.5247528160011375 30
1650994756797 0.5175887669399107 31
1650994756799 0.4983928593305441 32
1650994756802 0.4879679318531092 33
1650994756804 0.477094455188884 34
1650994756806 0.46736636179270763 35
1650994756809 0.46029351537044233 36
1650994756810 0.4486769415956714 37
1650994756812 0.4420181263934125 38
1650994756814 0.4305365475324484 39
1650994756816 0.42953661979336444 40
1650994756820 0.41459897324279116 41
1650994756826 0.40555296767325627 42
1650994756829 0.40113181476191284 43
1650994756831 0.3998860931876815 44
1650994756836 0.436943816505509 45
1650994756842 0.4231520943589263 46
1650994756845 0.40877667953679847 47
1650994756847 0.39299180994540345 48
1650994756850 0.3664518544525454 49
1650994756852 0.364163821105992 50
1650994756854 0.37728540004391375 51
1650994756856 0.3623866819855058 52
1650994756858 0.35592032363126563 53
1650994756860 0.3455354315893991 54
1650994756863 0.34073385694524744 55
1650994756865 0.34183735790706815 56
1650994756869 0.3322850717948033 57
1650994756872 0.33191394205495117 58
1650994756875 0.3295698377675626 59
1650994756878 0.33807584959945397 60
1650994756881 0.32336639986806737 61
1650994756883 0.33409700703708245 62
1650994756886 0.32727530434891416 63
1650994756888 0.3187546866499024 64
1650994756891 0.30797404771322734 65
1650994756893 0.30822535721591976 66
1650994756900 0.3036750579054976 67
1650994756903 0.3015651673406035 68
1650994756906 0.30521273383727443 69
1650994756909 0.30373058847455314 70
1650994756919 0.30781674701652245 71
1650994756926 0.3232272601389623 72
1650994756928 0.3044974766808115 73
1650994756932 0.2961022197763562 74
1650994756935 0.28496282266609835 75
1650994756937 0.28146480848064354 76
1650994756939 0.2819247137714218 77
1650994756942 0.2932701540953947 78
1650994756947 0.2775879902935727 79
1650994756950 0.2791066789801741 80
1650994756955 0.28948902428805173 81
1650994756959 0.28292665114769566 82
1650994756961 0.2738975718781188 83
1650994756969 0.2693051610674177 84
1650994756972 0.26681191744385185 85
1650994756974 0.26644466178757803 86
1650994756976 0.26381038757034275 87
1650994756982 0.2662990188751465 88
1650994756984 0.26022341279756456 89
1650994756993 0.26192170479795435 90
1650994756995 0.2809461346476069 91
1650994756998 0.264313273923301 92
1650994757000 0.29560966260267263 93
1650994757003 0.28748353933676696 94
1650994757006 0.2776618609716604 95
1650994757008 0.2545998365014464 96
1650994757010 0.2561965007266719 97
1650994757012 0.2636693116181936 98
1650994757016 0.253188893144384 99
1650994757023 0.2643217968962568 100
1650994757027 0.252237978053617 101
1650994757034 0.24767675204373105 102
1650994757037 0.24886152983366788 103
1650994757039 0.24862867550098852 104
1650994757041 0.2562133379471608 105
1650994757043 0.25302234068240004 106
1650994757046 0.2444775879601419 107
1650994757050 0.24468956762181096 108
1650994757052 0.2505986153424441 109
1650994757055 0.24094321657886436 110
1650994757058 0.23865195224573324 111
1650994757068 0.24650620824688083 112
1650994757070 0.23877803866679853 113
1650994757073 0.23905771310294505 114
1650994757075 0.23938109171696198 115
1650994757079 0.23593437999159425 116
1650994757082 0.24210159114865593 117
1650994757084 0.25260546235811143 118
1650994757093 0.25912249383035596 119
1650994757101 0.2374019879342872 120
1650994757103 0.23162914130277248 121
1650994757106 0.23666208403887767 122
1650994757108 0.23873466236905738 123
1650994757110 0.23283500903910334 124
1650994757123 0.2325918973038048 125
1650994757126 0.23090917068523364 126
1650994757128 0.22752693257270715 127
1650994757130 0.23851211560078156 128
1650994757133 0.2647244773068271 129
